/*--------------------------------*- C++ -*----------------------------------*\
  =========                 |
  \\      /  F ield         | OpenFOAM: The Open Source CFD Toolbox
   \\    /   O peration     | Website:  https://openfoam.org
    \\  /    A nd           | Version:  7
     \\/     M anipulation  |
\*---------------------------------------------------------------------------*/
FoamFile
{
    version     2.0;
    format      ascii;
    class       labelList;
    note        "nPoints: 1326 nCells: 5230 nFaces: 11287 nInternalFaces: 9633";
    location    "constant/polyMesh";
    object      neighbour;
}
// * * * * * * * * * * * * * * * * * * * * * * * * * * * * * * * * * * * * * //


9633
(
10
360
367
847
700
2533
3405
41
891
3870
4863
422
665
3545
5033
18
350
1085
3105
12
3942
4977
5002
1367
2384
3218
3474
9
1238
4634
4829
1844
3923
417
1556
4517
207
1211
2080
1395
1709
2811
3237
2938
4042
4368
18
1106
2061
3241
66
302
2569
3338
486
846
3254
4942
343
1071
1827
3092
381
436
3099
3343
1808
1812
1187
2736
3127
3377
816
4719
1621
2192
3033
4378
2794
3575
4269
4923
28
158
3902
5096
3584
5072
5102
273
859
1181
5168
583
1784
2923
3076
2035
2228
3039
3819
34
1456
1459
341
1455
3775
4920
178
785
1892
911
2918
3258
4293
1251
1643
2729
4806
41
216
356
1864
480
1457
3894
2678
3788
3922
4221
1585
3666
4461
598
1078
1588
2812
2777
3238
3687
3736
1792
3071
4140
4141
3030
3070
4061
4091
4946
2071
4512
4999
44
52
1232
59
3237
3980
424
545
613
4143
1108
1153
3959
4786
3530
3585
4254
498
1432
2130
717
1104
2470
3093
1349
1667
4072
4697
935
2976
3103
4990
55
3383
4237
1816
3156
3742
4775
376
3322
3891
4171
59
698
3969
321
2160
3069
5229
504
2268
2519
2624
2892
4685
4989
1395
3968
374
2111
3475
3487
2322
3244
3444
589
2135
2140
2204
4571
4886
4890
248
388
1992
4449
552
4251
4452
4902
1121
1699
2298
1404
2679
3137
4890
297
1148
3047
4873
1385
1478
3235
4362
262
1964
2304
3354
96
566
1478
4548
1230
3959
4234
5100
566
2197
3167
3453
1568
3865
4039
4183
635
1271
2926
4782
331
2180
5008
144
1666
2996
3080
601
1555
3672
4228
144
284
2527
82
1033
4521
4710
284
1666
2055
4946
1257
5167
145
2346
3706
4966
88
485
915
1255
219
1803
2060
3212
1807
2368
2416
5020
88
485
1033
2468
4255
4635
2346
2363
2838
3214
228
2229
2931
4165
432
2186
4962
5123
1046
3279
3282
1648
1889
3359
4254
858
4183
4435
4437
212
1895
2572
4974
105
111
2262
1754
3719
5035
250
741
1895
1898
1282
1860
3515
1318
2293
3074
247
566
974
1478
726
2855
3644
5178
646
860
2696
4450
323
3147
3426
4735
277
3239
3453
1755
1766
2236
1832
2431
1011
2324
3131
4246
310
1421
2814
5015
2454
3315
4088
4667
1683
2444
2499
172
1648
2630
4810
1725
1736
2720
3765
117
363
3478
4678
963
1376
5143
5158
1476
4258
4977
5219
4595
4684
4850
1658
2123
2133
3330
830
1462
2208
2274
1041
1939
2561
4927
134
1119
3733
4130
225
4444
4820
678
795
1371
4068
2708
2711
4744
1199
1532
2095
2832
735
3972
4023
5009
2957
4073
4952
4957
1154
2543
2588
3893
2487
3268
3957
4989
634
2753
2893
653
1157
2543
2673
278
2838
3214
4644
468
605
776
779
2551
4193
4525
136
278
318
1768
3821
140
1112
4909
5199
737
1963
3857
4810
140
1112
3229
3697
1973
2495
2088
2496
3422
4225
387
1145
2540
1742
2899
3333
254
603
2318
3215
1631
2646
3540
5060
151
2805
3267
3829
426
707
2105
3538
194
1974
3276
5211
355
1370
4925
4928
239
2936
1348
2007
2836
3404
2797
2968
2290
4564
751
1270
1304
1325
2138
2836
3404
5202
164
169
1955
4839
1130
4487
5151
1124
1764
3059
3073
1513
2040
3501
4588
901
2696
3795
4451
1484
2396
3364
5012
2270
4587
4724
5132
1294
3024
4396
1599
2048
2652
3341
503
3501
3985
4839
1289
3145
4732
5124
2180
2198
3483
4960
5161
5214
1068
2382
3315
4667
1093
2186
3576
4491
737
3359
4755
1020
2049
2497
3532
787
3122
3185
185
2229
2931
4732
2156
3734
4561
4811
2950
4332
4379
937
4565
416
1300
3964
815
4015
5128
5162
373
539
1305
4986
3164
4242
5082
2557
4838
509
1313
2030
4716
197
2952
1044
1479
1974
5210
188
1046
2367
4851
2153
2754
3274
3533
3595
2086
2102
3605
4059
711
980
1650
3705
761
1982
3296
3732
3931
4211
4215
2132
3734
4305
288
2726
4234
4415
921
1290
3190
4455
2986
3564
4732
3208
3826
3899
364
2399
3347
4579
1373
2949
3461
3603
1003
3454
3579
4095
211
229
3283
2505
3562
3999
3636
4915
5031
5034
357
359
464
659
208
282
2742
2943
1953
3308
4156
2946
1305
3242
3438
3960
1997
2451
2955
4732
2554
2564
5223
249
4092
771
837
4344
5159
424
488
613
1589
2364
4657
4683
217
2055
2612
218
4032
4808
4805
5030
258
1415
2881
222
1485
2305
2756
2145
2260
3432
1256
1775
2689
1087
3606
4568
1287
2089
2646
4306
229
4263
4904
1517
2214
3225
3618
834
1979
4861
3651
4736
1003
1762
2578
2674
4375
3166
4720
5109
467
751
1304
2759
840
3838
4535
4737
486
2266
4416
4921
2565
2566
2583
3936
1934
2490
3119
4243
2587
3737
3797
618
2983
4066
4110
517
2252
1106
1737
1808
2521
243
3198
3870
4091
1674
2456
2676
5066
306
2934
750
1340
3581
5141
2792
3623
654
4289
4616
4801
1385
2197
3715
2961
4165
5156
1898
3930
262
964
3354
2496
3397
3401
1322
2426
3265
4391
1365
3702
3867
4153
448
3829
4874
1215
2356
2875
2054
2727
1179
1355
1557
2994
4032
4699
4947
951
1647
4311
4798
3369
3895
4723
721
856
3875
1898
1378
3153
3332
4618
265
2199
3851
4106
274
4742
556
1465
2281
3876
268
2199
3452
3974
1883
3463
857
946
1435
2109
4201
5084
5104
365
1708
4387
274
2094
3394
4385
4041
4370
5021
3610
285
1566
373
832
3951
5050
289
2991
4350
917
4054
1100
1566
2597
1489
1707
2604
4840
2330
2642
1852
3324
1793
3005
3175
4758
734
3831
2767
3790
4051
620
2533
3266
3361
408
1158
4971
289
349
2922
1901
2726
793
1937
3231
3470
532
937
1902
739
3807
4660
1967
2683
4479
5039
346
3288
3825
4144
2157
2245
3311
4618
301
1298
1942
2189
1591
2459
2462
2282
3637
4599
4911
455
2843
3602
5089
1752
2224
2871
573
4119
5140
325
429
3978
969
2774
2791
4815
3380
4113
4721
313
1883
800
4074
4091
2461
3086
3682
4933
397
1036
2869
3325
705
1126
1511
3347
2133
2400
3330
2670
3161
4199
5086
428
435
2369
3545
316
2846
3979
2127
2202
3850
4818
2097
2397
4195
5110
1167
3971
1821
1947
2752
3677
1930
3642
2160
3115
3251
4109
321
1433
3069
3444
977
3500
4602
4853
916
1063
1684
2204
3033
3251
4378
349
902
1988
2637
3041
3976
4686
619
1531
346
1058
2391
3275
419
1172
4733
543
967
4895
2213
4686
4687
1248
1670
1767
3835
2637
2679
3028
5139
1218
3031
3435
4998
337
3157
3776
770
1004
2824
3146
3163
3680
4978
602
1368
2155
2925
547
564
1326
2913
1312
3630
4953
3253
5091
864
1609
4230
4997
1709
3090
5047
1039
2084
2866
5092
809
5065
5066
5073
2441
3824
683
2389
4246
4994
2526
2996
3080
3418
352
2264
1714
2039
4060
1156
1993
4337
4798
573
1881
1901
389
2748
4325
4836
610
3269
3901
4538
1485
2305
3264
800
4808
395
769
2104
676
1054
431
2530
3063
369
2112
2748
750
1340
2070
4490
389
476
2835
3868
2191
2197
4858
2032
4129
4717
2127
4463
5007
1012
1610
2513
3830
1472
2863
3886
1107
2562
4643
4746
389
3877
4153
430
1019
2813
5163
1058
2452
4822
4907
1672
2603
2608
3281
3635
843
2317
3712
844
1246
3517
3675
433
1729
4296
412
2996
3467
5156
1525
2089
2542
4149
528
1992
3154
3567
483
1197
1242
3427
429
1979
1988
1099
1585
2570
5164
674
833
2432
3371
399
1062
1932
3711
399
401
2861
584
909
2019
3185
558
3664
4578
470
1219
1994
4574
722
1613
3682
4935
3389
3774
4241
4310
1192
3226
3861
4237
621
2801
3500
4110
944
2179
2215
4485
2550
3206
3599
439
1796
4067
4544
1922
2035
5080
465
1219
1784
2625
3678
5035
1768
1930
3644
4038
4102
2517
4337
4799
677
1168
1490
3056
973
1634
3325
3390
409
451
1921
4149
2653
2698
3745
589
1880
3552
3985
3170
3903
444
2542
3044
749
2580
3438
3799
440
1818
3908
4364
1666
2961
3212
509
1307
1730
540
1043
1540
1574
760
3393
4948
4983
3005
3960
4985
1665
3958
5058
2808
3480
4463
4500
1162
1168
1323
2650
4061
903
2922
2940
4415
1546
2719
5063
1640
2719
4181
5196
3955
4215
561
1783
1837
1249
5171
560
1431
2003
2186
444
1048
3738
834
3107
1025
2573
3481
952
3050
542
1049
3728
747
3306
3938
2460
4019
4896
1527
1686
2232
3670
4117
4355
438
451
2512
4182
441
1665
5058
4065
4551
4530
4664
451
2827
3540
505
2241
3362
3497
579
2183
4236
5213
451
1686
1291
1571
1594
5165
1070
1115
3691
4269
1615
3312
3916
3917
1649
2494
575
2721
4121
4643
1567
1686
3124
4182
1225
1496
2099
2118
2123
4111
4927
5013
2133
2400
2510
4128
575
756
3743
2218
3588
3759
1078
2316
4445
4909
796
2411
4276
460
1279
2872
4094
1629
3521
3945
1579
2906
3811
5010
499
2879
3787
5201
1083
2505
3646
952
2943
3326
2303
2602
3882
2895
3907
4267
4507
862
3862
3948
1396
2907
4057
1777
1778
3435
3271
3352
5156
472
812
870
2764
1851
2301
4086
967
2248
3198
3826
1691
2895
3907
4521
1070
1423
2622
2861
4574
4610
3814
4608
5185
511
812
2900
4442
1952
3677
3783
4629
1466
2355
3740
1032
2724
3518
5077
3560
3989
4058
4586
2079
3400
3896
1157
1628
3256
2865
1418
4367
511
638
2764
3549
567
1823
2479
589
3989
4058
5229
789
2291
2924
3027
3553
3554
3989
4069
494
504
1983
2879
2534
3984
4129
4941
1578
2268
2766
1229
3530
5097
511
885
3845
4249
4718
4940
1293
1885
3077
504
1408
510
1171
3192
4270
1245
1707
1708
975
3403
4948
2040
3481
3552
2386
3508
4606
837
2502
3000
5159
2763
2769
3529
2190
3006
3339
4127
1434
727
1328
4225
4908
519
526
3006
3108
551
786
1326
2937
2998
3359
3530
4755
2675
4814
4823
5136
1351
2219
4224
4626
2805
2959
4165
519
882
3381
4119
1392
5173
526
4238
4417
4894
2950
3297
4747
4821
1465
2042
3876
4505
3541
3690
4035
2380
3062
3996
1937
3232
4753
1299
4419
957
4040
4499
4501
1875
2744
3827
2610
3504
3600
5024
2781
2879
4148
5065
938
2732
4268
650
1722
4124
1576
3297
4212
4681
848
995
1644
3948
1984
2420
2919
3309
1184
1331
2070
542
2908
4861
1026
4126
4268
4300
832
2775
3242
742
1013
1668
1467
1470
2108
3415
4867
4962
1382
1872
2638
3877
4081
1379
4128
5014
549
1159
1584
786
1331
4360
888
1040
1126
1540
5209
1119
2510
3995
4876
553
2823
3155
1133
2818
3736
4466
5160
1813
2026
2697
4358
1049
1053
4405
4861
688
818
1222
1051
2260
3240
981
1391
592
1590
1960
750
4491
3261
3812
1051
2875
4333
4661
1433
4012
4158
4759
1536
2444
3558
2787
3584
3967
656
1817
3891
574
1203
4489
620
1885
2732
3234
601
2732
4228
4300
786
1331
2887
682
1804
1978
4060
3104
3978
658
1215
763
4878
643
2688
3164
3298
2128
3633
3634
4558
1701
1766
3025
3700
1701
1755
3657
2466
3319
4013
1757
2635
2646
5060
1735
2027
2697
4358
955
4074
4097
2362
4651
4991
928
1968
4016
4276
758
1580
2978
4397
1940
3587
4014
1228
1993
4337
3553
2247
2620
2622
2857
592
2362
2670
5084
3551
2016
2786
4198
5061
718
2260
4195
4288
1173
3686
3853
1051
1188
4195
5110
1143
1610
3832
3996
2005
2416
4726
2059
2617
4266
4901
1193
1966
2372
5155
620
3059
992
4974
1663
2352
4666
1164
1451
2036
4146
3259
3804
3806
1878
2482
3199
4961
619
1042
1819
2701
615
2988
3121
4793
857
908
2337
2538
4535
4539
4906
2983
3858
4108
4705
627
2037
2853
3459
2890
4879
1445
1590
2289
767
5052
1351
1360
1787
980
1236
1825
1831
621
1614
5087
628
1601
663
1620
627
1713
2291
2878
704
1590
1960
5104
2954
3544
4245
4339
709
1511
4568
886
3570
5130
1524
2947
911
2701
664
1151
4437
4767
1488
2873
4764
4924
754
1290
3609
5197
1838
3588
3756
3759
660
671
708
2810
3761
4685
5075
1494
2900
3430
1197
1857
3421
3759
4495
4727
885
1266
2892
2004
2014
2481
3011
2426
2490
4352
5198
1674
2676
2699
1358
1839
2020
4658
2723
2849
5061
2042
4255
4505
1138
1269
3845
5129
2492
4639
779
2034
3128
5002
2085
3862
4124
657
1611
3939
4793
848
937
995
1155
3245
4127
827
1393
1503
2093
1577
3256
4517
2445
4597
4894
1346
3043
3150
3169
1454
1589
4171
663
3852
5087
2223
3902
5079
1273
2550
3409
687
1040
923
1236
1831
2087
1997
1999
2955
3567
1599
3441
2880
4201
5085
1048
2002
2752
883
1540
3328
2100
2399
3351
4717
4496
4813
4828
1972
2265
2275
1030
1044
1769
4865
682
1040
2837
859
2877
4374
4603
2096
2265
5103
1815
4406
993
1024
4346
4589
1325
3808
4703
1706
2089
2092
689
691
988
1009
1226
3384
784
1439
2796
4920
1781
2562
3331
3457
2489
2804
1394
1497
2471
1043
1804
3766
1014
1746
3094
4758
1132
1225
1277
3612
708
1327
3168
1237
2129
1297
3944
4303
1223
3617
3878
693
1506
4078
1455
2024
2782
4975
791
1288
2536
3033
4586
4835
808
1868
2050
3397
3528
3890
4649
5057
1036
1695
2231
5194
1086
1884
5047
1727
2029
2188
3093
1542
1548
3077
714
3535
3852
5170
823
2210
4006
4262
1313
2030
3177
789
1969
4483
1327
2405
804
2012
4679
5147
1528
4274
4423
2816
3009
883
1405
4719
1413
2944
2956
4600
1831
1833
4930
802
2090
3297
4390
874
2506
4196
4641
1924
2458
3890
733
2209
3246
4347
1449
2518
3407
4281
3667
3669
4533
2397
3432
1116
1130
3255
4662
1634
3818
4170
2349
4656
4729
1482
5118
3015
3667
4533
1993
1995
2448
3903
1463
2009
2469
2880
730
4103
2496
3401
4270
2045
3434
3465
4100
939
1241
2272
3007
2256
2793
5178
1016
2326
4332
4476
1207
2433
3295
5181
736
3381
5173
1850
2252
2527
3258
4096
4194
1337
2815
5125
4073
4945
3584
4242
5102
1745
3279
1446
1565
1825
3849
1505
3867
3886
888
2032
4559
744
1056
2106
3427
925
3422
2497
3534
5202
5218
3170
3841
3903
4760
2354
3150
4672
1399
3034
3114
4311
1761
2733
3948
4553
2197
2198
3028
3483
762
782
2782
4975
892
1929
2821
1240
2369
2390
4830
1188
4643
5010
826
1101
1692
3435
3548
4973
1913
2177
2319
2644
1826
3394
1157
3729
3658
4046
819
3801
4641
3253
4411
4696
4920
804
2906
3889
5010
1324
1797
4341
4598
1249
3072
3988
1369
2068
3337
3688
3326
3329
3830
3203
4034
4837
1270
3440
1507
1821
4290
5067
818
1061
3876
1703
2697
2799
1544
3469
3578
3685
3010
3941
4481
1376
2351
3640
4667
2334
2413
3188
924
2907
813
4260
4456
4781
3034
3065
3447
5174
783
3658
4434
2886
3753
4120
1455
1998
2623
4238
4714
3155
1776
2928
5061
1411
1718
1944
2654
1150
2289
2145
4471
4303
4957
1358
1839
3812
1109
1776
3498
2269
5054
5055
2706
4236
4577
1254
4016
4726
2099
2428
4292
4330
876
2851
3360
3536
813
2216
4456
2758
3656
3749
3775
4976
810
4747
807
1348
1602
2007
4333
4681
1833
2283
4145
4932
1559
1564
4323
2535
2982
5145
1829
5112
4116
4612
1606
4390
5146
2254
4524
4974
1494
3900
3865
4039
815
1771
3874
818
5131
3542
4940
2534
3774
3984
4241
869
1693
4003
837
1015
2733
4592
933
1224
1896
4275
828
887
1214
1847
828
841
2012
2326
2924
3027
4250
4590
4598
4847
1159
1520
1584
887
1514
4794
831
1498
1788
2317
2382
860
3840
887
1393
1140
2579
1707
1708
3482
1121
1128
1725
1733
5207
2953
3060
4556
1304
2778
2966
3059
4006
2491
2493
3054
4531
1645
3146
4539
2964
4006
4591
1508
2001
3843
4621
1843
2348
3709
1494
3430
3756
1077
1788
4771
4964
976
2389
4247
1953
3374
3713
3862
4565
934
1498
1877
3578
1877
2111
2317
2722
3335
3522
3586
4991
3355
3406
3833
4080
1353
2119
2750
3713
2313
2485
3118
5126
2122
2926
3220
4750
2287
3462
1958
4313
1361
4039
4750
3140
4278
2798
1677
2414
2690
4148
4065
4551
4819
867
1267
4240
3316
3755
4978
3137
3250
4407
5005
3755
3775
4046
5091
2509
5182
1057
1679
2456
3937
1401
2721
3892
3417
3756
4099
2067
2389
5117
1249
1386
3072
2899
4438
5129
5132
3801
4240
3008
4209
4786
4219
4765
982
1099
892
987
2455
3125
2606
3382
4115
4209
1054
3629
3923
2412
2670
4651
3006
3339
5137
1126
1724
3626
4009
4703
1269
2663
3649
4784
4795
2036
2837
2556
2642
4070
1828
2948
4084
1864
3195
1174
4320
1866
2868
4084
5152
1499
5116
5138
5180
1905
1908
2538
5216
3413
3496
4348
4734
1194
3604
4205
5221
1011
1570
1900
4833
3727
4947
5028
2296
3285
4208
4294
2898
3796
3954
1700
2922
3338
1134
1160
5205
986
1908
3389
4310
1501
1926
3018
4357
1022
1914
2458
4359
997
1499
3128
4881
3032
3369
4885
2575
4987
4047
4393
4395
4875
1023
3173
4227
4455
3865
4323
5154
1582
2001
4731
5130
2385
2755
1572
4735
3821
4644
1483
1756
1766
4575
1448
1501
1921
4149
2978
3161
3556
1564
3395
4271
3192
3919
4779
4413
4809
4930
1668
3806
4368
3183
3196
1184
1340
1727
5205
1725
2341
3765
3911
1035
2639
2678
2206
2272
4336
951
2126
3021
3592
1448
1581
2340
5046
1327
2962
3168
1190
1617
4252
1508
2308
3469
3887
4748
938
4273
4277
4704
4238
4272
1185
3670
4117
1579
2875
3443
4661
1293
3057
3077
1562
2095
4286
4833
947
1103
1664
3449
1597
1664
973
1320
3040
3169
1123
3032
2476
2511
2989
3741
3820
4648
1194
1989
2222
2383
1044
1446
4931
5111
2179
2476
2951
959
2083
2231
3304
1959
2288
3526
4887
1356
2881
3212
1930
2597
1799
1830
1172
1605
1829
4733
971
3912
5083
983
1634
5083
1060
1869
1967
4070
1563
3659
3661
2486
3209
3650
2254
3151
1186
1786
2174
3058
1350
1382
1870
2568
3512
4334
4546
1563
4172
5023
986
1435
1452
3035
983
2231
3415
1430
1683
2499
2796
983
1036
1453
2802
3715
1815
2056
3371
1418
4601
4994
4759
5081
981
1492
2058
2132
3587
4132
4441
4504
1446
2047
3233
1712
3662
3601
1002
1031
4257
4906
1757
3750
3992
1243
3446
1045
1862
2821
1506
2706
4308
1383
1490
2089
3018
1863
3869
4154
1855
2539
2612
4071
2925
2934
4972
1314
2817
5051
1877
2073
3087
3337
1319
4842
1308
1603
1916
4583
1619
2437
5116
1224
1528
1896
2212
1539
1816
3156
4393
1275
2465
3828
5041
1768
2677
4054
4645
1989
3491
3604
1005
4263
1512
1966
4431
1010
3579
1031
1475
1515
1676
1807
1931
2896
2261
2591
3102
4363
1450
1452
5207
4075
5024
1199
1596
2494
3324
4261
2907
4057
4717
2387
3439
4741
1324
2196
4126
2969
4462
2335
2582
4324
5219
1317
2143
3924
4817
1124
1764
3805
2158
3481
4025
1031
1362
1989
2383
2217
2473
4357
4779
5188
2599
4398
5164
1429
3552
3614
1770
4009
5050
2801
4853
4870
4705
4951
2299
2377
4083
4304
5210
1176
2173
2175
3789
1424
2300
1207
1527
1624
2867
2410
4276
4371
1139
2172
2977
4702
5198
1049
1053
5123
5141
2629
2713
3186
3766
1426
2243
3731
1531
2981
4414
4510
4513
1650
1475
1682
3607
4751
1665
3318
3320
4829
1281
3540
4864
2209
4722
5172
2541
2905
3733
3972
4862
1325
2139
1082
1332
1371
2350
1065
1089
4896
1677
2383
3502
3854
4144
3926
4544
4807
4955
4958
4505
4780
5035
5036
3144
3145
1844
4880
5004
1092
2460
3183
2688
3518
3583
3793
1442
3135
3222
2253
2348
4518
3094
3237
3980
4620
1419
2857
1086
1192
4859
1080
1949
3108
3856
2871
3282
3810
2019
2503
2723
4637
1155
1903
2730
3117
2624
3113
3123
5126
1600
1965
4088
3468
5142
1080
1942
3861
5140
1088
1232
1903
2295
3117
1468
2366
4577
1409
4458
1949
2194
3431
1326
4394
5217
3970
4237
1618
3348
4121
1948
1949
1092
1207
5184
2447
2549
2971
5100
1721
2028
2194
2730
1624
4179
1814
5123
1104
1134
1230
1517
1790
2217
4984
5216
1182
4275
4287
4425
1113
2518
3375
4794
1128
1882
4403
1886
3385
4657
1520
3015
3476
1704
3238
4360
4492
1597
4421
5115
3669
5100
2708
1402
4005
1188
1780
3803
2429
2935
4234
1981
4754
1973
2013
2469
2490
1113
4275
4421
4797
1629
2680
1893
4789
2753
4050
4727
2080
2253
3709
1117
4364
4526
1910
2328
4662
2905
3300
3733
3811
4525
2575
3268
3522
4326
2908
4403
2278
2280
3999
1268
2240
3035
2966
3003
1782
3363
4354
4871
1327
1253
1553
4228
4300
3107
1917
3226
3525
4044
4112
1337
2430
2500
3286
1586
1905
2509
1204
1253
1553
3093
4694
1146
1225
1277
3931
1467
1470
1624
2083
1377
3038
3392
3955
3603
3844
4438
1346
3029
3169
1204
2555
5051
1142
1587
2474
4619
1265
1575
4284
1422
3147
3577
2371
3189
3366
4649
3661
1720
1823
4353
1636
1763
4078
5166
3399
3628
2105
2480
4474
4467
4482
1218
2122
5085
1228
1541
3342
2967
3608
3897
3928
4351
2190
1643
4757
4796
3893
1995
2903
2021
2029
2023
3947
5099
1998
3593
4362
1217
3181
3187
2405
3347
4146
4576
2837
2914
4186
2729
2999
3134
1239
2142
4286
4835
3228
3979
4540
2634
3994
1705
2809
2898
4213
1817
2239
2311
4295
3543
4707
5190
2965
3682
3714
4935
1957
4260
4781
1817
2327
2340
2512
1608
2006
4433
1180
3306
4280
4283
3654
3929
4954
4623
4903
5122
3909
4381
5181
2323
3131
4994
2095
2832
4252
1190
1617
2388
2406
2023
2440
2611
4849
1865
3210
3943
1214
1847
2130
4661
2904
3361
3377
3405
3140
4278
2407
4162
4328
4652
1827
3478
1751
2757
3410
1800
3546
2167
4216
4787
1824
2172
4934
5195
3896
1894
3036
3048
4290
1710
4833
2206
3339
3380
4114
1841
2524
3514
4029
2866
3157
3163
3258
3300
4487
4938
3951
4844
1276
1676
1836
4027
2851
3098
3536
4232
2232
2652
2691
3532
4427
1840
2748
3374
4325
1508
3125
3376
4771
3877
4038
4156
1374
1622
2403
2691
1250
1453
1516
2401
4218
1579
5088
1774
2640
3568
3879
1413
3180
1364
1778
2619
3882
1302
2640
4224
4608
2219
2735
4325
4626
1547
1759
5131
1233
1742
4401
2615
4423
1586
1450
4778
4884
1430
1808
3656
5217
1995
4259
4302
2214
4415
2789
2903
4146
4627
3861
1237
4724
2502
4554
4567
2286
2889
3194
4650
2284
3625
1547
4401
3256
4636
3250
4824
5044
1947
4865
4883
2731
3620
3873
2106
3046
2406
4372
4373
1366
3517
3756
3773
1523
4818
1547
1771
5131
1547
1759
3517
4501
2452
4625
4822
4274
2298
2381
2802
2511
2999
3449
2652
3939
3988
4429
1261
4452
2859
3521
1256
2868
4503
1352
2385
4084
4521
4522
1259
2091
2488
3218
2384
3836
4502
1415
4033
4955
5090
1987
2555
3805
2464
2958
3493
4496
1266
2753
2764
4099
1880
3024
3985
5038
2354
2439
4720
2218
2893
2131
3346
3767
1904
2131
3299
1747
2218
3808
1272
2159
2287
1771
2270
3430
1645
3207
4737
2112
2602
2748
3883
3001
3002
3340
1840
2467
3081
1639
3732
1284
2464
3701
4082
2485
3521
4014
3513
3872
4031
4156
1631
1947
3738
1964
3638
4542
3151
3367
3647
4611
2461
2618
1371
2457
3717
5170
1484
2041
2801
4870
1631
4083
4811
1571
1594
4078
2103
2451
3352
1322
2101
3686
4813
2459
3360
4649
5057
4342
1295
1403
1765
3987
4380
1383
1493
1495
4575
1371
1469
1614
3107
3285
3978
3245
4127
4238
1317
1795
3960
3388
3394
4385
1774
2819
3814
1317
1795
2074
4953
2733
1312
1791
3632
4500
3956
4842
4985
1387
3247
3666
2808
4500
4816
2143
4464
4986
1740
2177
3037
3065
1317
4986
1722
4124
2555
2574
2599
3480
4463
4948
4982
1421
2629
3252
3330
1728
1902
4207
1644
1749
4417
3601
5109
3860
4239
4721
5006
4107
5197
2276
3961
4169
1987
2598
3626
2022
1653
3543
3605
1334
1758
2352
4752
1333
1334
4040
4100
1779
2082
3018
5170
1335
1406
3465
1335
1759
1352
1465
1462
2275
3624
4289
5173
2954
3414
4339
4538
2128
2169
3567
3827
4864
1784
3514
4024
4029
1750
2747
2769
4020
1963
3510
3717
5111
1626
1659
4069
2319
2323
4258
4601
1357
4672
2166
2170
2532
4983
3067
1368
2758
2939
4524
1671
4392
4503
4752
1999
2722
4624
2683
3152
3869
4072
4769
4903
5121
3076
4098
4545
1606
3488
5080
4404
1608
2780
3568
4433
1671
2378
2424
1951
4260
4435
1475
3920
4349
2361
3296
3893
4191
2949
3460
4675
3332
4613
4618
1838
3611
4501
4558
4708
3869
2370
3448
4752
3779
5215
1410
3878
4401
4457
1839
3460
2877
4427
4603
3779
4925
4949
4950
1543
3684
1853
3488
4212
3345
4092
4509
2906
5096
5151
2318
3434
4459
4666
1736
2098
2720
4579
2524
2567
1468
4306
1928
2258
3135
4184
2211
1449
4274
4910
3762
4570
2531
3966
4620
1755
2151
3657
2396
2577
3230
1492
3660
3664
2430
3108
5140
2987
4591
2389
4140
5120
3768
5047
2528
4190
4569
1680
2032
4122
4160
2263
2707
4962
1402
1737
4160
1642
2212
3730
3165
4003
4241
1685
4002
2657
4770
5038
3019
3090
4886
3542
4568
4580
1465
2280
2921
1463
1934
4243
4435
1651
3787
5127
1830
2621
2129
3880
1946
3519
4845
1852
2743
4596
2942
2944
4740
3061
3727
2250
2276
2343
4169
1726
1850
3148
3305
4680
1932
2377
4269
1530
1660
2977
3789
2345
4229
1874
2563
3953
2080
2649
4038
2895
4255
1751
1774
2738
3082
2359
2661
1848
2171
3474
3823
3353
3703
4318
5227
1552
1880
2813
1436
2521
1734
3725
4490
1885
2210
4262
1785
4886
3178
3926
4716
3384
4373
3051
3656
4920
1816
2477
3680
4042
2516
2912
4187
2235
4687
2239
2242
2609
2664
1790
1912
4370
4372
2840
4184
1981
2015
2692
3498
3894
4528
4677
4926
2018
2878
3079
1702
1716
2578
4279
4891
1926
3056
3375
4217
1927
5180
3126
4002
4160
4314
5138
3160
1460
2588
4295
1461
3740
5093
2408
3327
3908
1460
2427
2588
4191
3908
4044
4111
1461
4529
2890
4111
3477
2407
4437
2269
3871
3908
4664
2221
2408
5054
2231
4766
1495
2183
1620
2350
3058
2460
3527
1660
2268
2519
4135
2080
2353
3354
1836
3376
3607
4291
1807
3120
4317
5020
1689
1739
3942
4229
2380
3613
4226
4676
2885
4068
4078
5111
2480
3373
4474
5212
1919
4868
4984
5216
1605
1613
2965
1757
2236
4306
3230
4108
2595
3641
2259
2454
2860
3726
1910
2980
2981
3079
3122
3551
1523
1916
2570
1493
1926
2681
4139
4475
2706
4236
2634
3142
1561
3025
3508
1661
5176
1519
4141
4374
2308
3778
3984
4122
1533
1625
1817
2479
1525
2473
1503
1514
3003
4026
3143
4250
3504
4161
4787
1895
2114
2636
2058
1616
2374
2882
3698
2556
4070
4922
4954
3002
4265
4954
5135
2399
3202
4539
5224
1537
2771
3274
2518
3379
1608
3081
4905
1699
2027
4563
2274
4694
1800
1975
4433
5221
1522
1532
2877
1990
2718
1735
2263
4745
1529
2331
2403
2817
4346
2286
2878
4650
3018
4527
1777
4399
4404
4200
5193
1633
2631
1532
2158
2833
2267
3391
5016
2864
3952
1710
2239
2814
5013
2104
3063
4820
4447
5042
2022
2499
4004
3501
4028
5145
3204
3384
4778
2886
4875
3766
1733
1927
4695
2557
3055
3940
2334
2351
3149
1561
3675
5162
2904
3236
5218
2714
2739
2776
2557
3057
2660
3932
4076
4776
3530
3585
4793
5087
2217
4298
4585
4812
1846
2599
2658
1770
1790
2217
3373
5212
3257
3266
2537
3030
4634
2230
3075
4784
1577
2673
4017
1593
3574
4781
2791
3591
5023
3598
4782
2126
2989
4252
2774
2829
3190
2066
4604
5119
1607
3790
3049
3322
5193
4729
4916
1572
3414
4769
1621
3451
4835
1763
5121
1972
2447
3016
3328
3681
4152
1587
1661
1853
2012
4821
3070
1660
2719
3391
4938
3161
4199
4203
2327
2650
3056
3087
3216
4897
3548
4995
5105
2431
1916
4356
5176
3201
5175
2639
2841
5020
2890
3955
3079
3495
3628
4810
2513
2526
4882
1845
4244
1604
1962
1600
2321
2828
4088
3131
3437
4278
3372
2210
3440
4273
2041
3939
2360
2522
3059
3073
4262
2535
3987
2168
2772
4570
3857
4813
4957
3625
5112
3043
3794
2597
4103
1673
2938
2945
4977
3577
4531
2404
2458
4089
1731
2110
2338
4615
4077
4952
1750
3529
1655
2415
4145
3592
4312
2516
3946
2323
2806
4041
3441
4584
2324
5003
2336
3441
4869
2406
3446
4041
5116
4000
1720
1919
4868
2134
4043
1865
3404
3466
4823
2107
2876
3897
4016
5133
2043
2621
4040
4100
4561
2226
3602
3764
2105
2212
3050
3187
3396
2058
4436
1755
2156
2236
5213
2282
2283
3636
4932
1693
1906
2704
1824
2220
3928
1653
3176
3496
4179
3204
4792
2990
4799
1761
1801
2550
4531
2528
2562
4525
4643
2517
3342
4337
3701
2727
3829
3847
1974
4883
2519
2724
3789
2222
2739
3502
4297
3492
4225
2690
3291
4087
4671
1656
2452
4929
1670
2374
3412
1710
3560
4137
4586
2510
4112
4876
3554
3982
5106
2220
2439
1984
2090
3309
5149
2333
3541
3747
2179
4777
4351
2060
3066
4956
4513
4559
3135
3222
3696
4053
3842
3925
1673
4905
2238
2607
2716
1675
4628
1679
4612
1681
2378
2820
3607
4257
2358
3920
2472
2940
3949
4005
1681
4175
1694
1737
4881
2703
3937
1689
2360
3537
1723
3239
2103
3145
5121
2448
3114
3172
4377
1985
3011
4528
3179
4264
4734
5197
1690
2523
3120
3291
3922
2384
3792
3674
4862
4936
5053
1808
4368
4559
2149
2172
2869
2247
2620
3515
2296
3167
3967
4850
1936
3231
3298
3728
4867
2470
4864
5205
2183
5027
1962
3086
5165
3238
3262
3687
3155
3736
1714
1779
3105
2827
3056
4149
2436
2127
3019
3557
2471
2669
5068
5069
2655
2657
2010
3084
5079
2809
2887
2665
4173
4822
4981
1746
1793
2710
1908
2704
4868
5226
2361
4134
1802
2684
2921
3881
2479
2704
2974
4207
1728
1730
2521
2645
4005
2962
4719
2997
3580
3581
1732
3177
3029
3392
4672
1732
4842
4285
4523
4619
2974
4315
2003
4358
4494
4563
4129
4315
1740
2034
2478
3892
3986
2629
3159
5092
1913
3034
2225
3044
3363
4388
3617
5132
2005
2258
4022
2784
4155
2822
1753
4279
3844
4440
2155
2164
2636
2923
2531
3966
4842
3312
2617
4266
2153
2367
5071
2811
3094
4826
2257
2351
5036
2125
4139
2125
1759
1760
1915
3136
3517
3675
1772
4826
1846
2574
3247
2373
2044
3672
4396
4400
2224
2285
4625
2371
4914
4931
3951
4728
1801
3509
4841
1806
1940
3520
4439
2780
2756
2868
4198
2020
2978
2020
3460
2023
2913
4746
5110
3983
4673
4383
4388
4756
3617
4449
2888
3444
4860
4007
4602
3707
4967
1953
3315
2261
2434
4363
4852
2538
3438
3630
3635
2250
2343
2594
4011
4891
2141
2803
4590
4791
1796
3178
3926
2200
2601
5044
3563
3646
4457
4506
2006
2520
4417
4597
2755
4635
3061
3418
3653
3998
1810
2086
4064
4631
2840
2842
4470
2828
2071
2886
2915
4120
3401
3837
3597
3751
5160
2804
4060
4559
2011
2773
1842
4491
5141
3403
2915
3419
4526
2866
2981
1823
3891
3938
4383
2390
5033
2428
2439
4720
3931
4855
5019
2450
5119
4846
4980
2911
3550
1848
3823
4593
2008
4040
4932
1990
4408
1834
3398
2415
4145
4883
3888
4015
4783
2750
4623
3261
4587
5132
3333
4495
3603
2602
2750
1999
2148
3567
5204
3487
3641
3689
4067
4549
3574
4831
4832
2193
3020
3379
4262
1878
3199
1851
3429
3900
4968
3831
3905
2306
3676
2742
4261
2425
5080
2738
2757
3054
3202
2442
2746
2660
3932
4444
4981
4604
5114
2050
2102
2282
4912
2463
3061
3294
1899
3930
1862
2227
3125
5076
2831
3119
4092
4509
2612
3591
4007
2948
3487
3648
2545
3334
3770
2450
5114
5119
2325
2642
4959
2524
2745
2762
2760
3208
4222
1873
4562
4961
3199
4560
3267
3832
2248
2760
4913
1887
5108
5115
2001
2078
3475
2591
3227
4376
2135
2972
4119
4239
3285
4208
2846
3452
2294
2846
4573
4272
2570
3663
1888
2124
2203
2093
3143
4788
2957
3091
3524
2072
3134
4343
4791
2716
3191
4647
2445
4123
4617
2631
4797
1991
2435
3492
2254
4792
4797
1899
3345
4508
4542
2126
3042
3447
2500
2815
3245
2446
1906
3389
4003
1906
4885
1908
2343
4367
4942
2400
3892
5015
5053
2917
3186
3350
3804
4775
2449
2615
3373
2437
4881
4603
4869
4887
3675
5131
5162
2772
3228
3473
4237
2422
3395
5083
2340
4354
2982
3699
4382
3363
4871
2869
3116
4045
2780
2819
4628
5222
3365
3499
5057
3750
3915
3916
5060
3526
3342
4888
1940
2485
5126
1934
1957
2101
2855
4101
5074
2861
2113
2984
3988
4299
3263
1937
3470
3164
4469
4754
2162
2456
2520
2785
1982
3871
4664
4184
1948
2195
2901
4849
1943
3101
1948
2189
1946
3484
2123
2328
4044
4112
2685
3786
2605
2901
2379
2620
2314
2483
5076
2586
4422
5068
4964
2176
2873
3162
3523
2007
3987
4960
2609
2650
3305
5048
4233
4435
3013
3730
2000
3142
4630
2920
5084
2221
2481
3904
4557
3857
5111
2459
4945
2247
2649
2357
3537
4964
2757
2824
2784
4939
5127
5133
3027
3109
3139
1975
1977
2520
2700
3096
3735
4484
2971
2175
3791
5166
4319
5157
3036
4000
4179
4264
2162
3213
3839
2489
2809
2616
4405
2487
3520
4441
1985
3731
4180
5065
2807
2015
2481
2222
3036
3179
3490
2778
2966
2470
3100
3179
2431
4536
2102
3605
5022
1997
2229
2960
1997
2451
3882
3126
2096
2265
3016
3841
3235
4004
2303
2250
2288
4141
4739
2693
3320
4020
4744
4753
2249
2891
2383
3937
3501
2280
3880
4458
2013
2979
3162
2223
2694
4743
2037
2176
5198
3904
4663
4197
5095
4987
5072
3228
3970
3971
3981
2692
3122
4987
5061
3556
3581
5203
5209
2024
5217
3485
4004
4466
2039
2887
2937
2773
3238
4494
2799
3725
3431
3966
4419
2277
2718
3452
4106
4573
2036
2504
2516
2912
3302
3010
3942
3325
5107
3347
2425
2947
2806
4041
4310
5226
2628
4394
2158
2833
3341
4299
2684
3747
4499
4669
2497
5163
5214
2581
3565
3918
2048
2844
3236
5202
2284
2373
5165
2691
3441
2691
3272
5202
2086
4599
2056
2053
2529
2539
3905
2255
3195
4863
2936
2997
2057
4071
3368
2060
4032
4216
4418
5220
3653
3105
3949
4460
2063
2064
3353
5228
2167
3200
4480
2065
3512
4334
4125
4480
3086
3399
4933
2178
2073
3487
5152
2989
3143
4286
4854
4493
2628
2445
3138
4123
2111
4502
3924
5004
3769
4196
4292
4330
2171
3634
4708
2199
3768
3771
3968
2091
2148
3218
3046
4898
5062
2433
3366
4898
4914
2336
4869
4887
4322
4391
2830
4204
4065
4716
3401
3356
3636
4809
3358
3421
5114
3769
2111
2722
2537
2646
2827
2987
4790
3610
4846
4025
3170
2226
2930
4316
2902
3349
2439
4136
3348
4568
4569
3263
4271
3357
2419
3426
3329
5223
4896
2763
3318
4636
2507
4019
4280
2362
2686
4764
2234
3884
3867
3886
2395
2577
2736
2302
2548
4024
2407
3323
4437
4767
3589
4189
4339
4157
4407
4773
5125
3612
4330
2121
2303
2602
2147
3590
3994
2548
2863
3886
2949
3845
2561
4345
4791
2147
2476
2165
2148
4556
2281
3940
4889
5182
3233
3276
5013
2315
2501
4109
2658
4996
2365
2403
3497
3539
2637
2848
3287
5008
2844
4007
3923
4553
2659
5081
2728
4345
2536
2573
5044
3950
2170
3863
4008
4742
4919
3180
3184
2635
4961
3304
4328
5198
2316
2897
3549
4908
2590
4578
2624
3118
4989
5126
4629
2250
2307
3142
4606
2572
3869
2656
5064
2164
3078
3883
3272
2201
3220
3462
5187
3704
4647
2666
3925
2808
3950
3963
4464
3076
3152
2166
2168
3850
4891
4982
3111
2170
3482
2952
2953
3564
4749
4560
5019
2176
2977
3260
3023
5029
2176
3229
2181
2324
2184
4247
2517
2848
2945
3051
3815
2737
2957
4066
4577
2185
4202
2187
2711
3815
4689
2277
3622
4692
2195
4355
2206
2271
3715
4684
2324
2558
3614
3763
5229
4715
4117
5137
2579
3799
5050
2211
2213
3610
4598
4616
4824
2270
3461
2775
4979
5018
4343
4791
4847
3069
3763
3630
3923
4067
4551
2599
2813
3805
4902
2795
3477
4692
2498
2729
2235
2449
2235
3976
2963
3841
3592
4312
4778
3848
3875
2835
3707
4135
5195
4366
5095
3546
2702
2668
5070
3045
3528
4285
2843
2522
2831
5142
3794
4821
5080
2744
3570
4621
4832
2393
2433
2394
2605
4883
5211
3295
3909
4019
2796
3992
3233
4192
4578
4825
2466
3810
4625
2709
3911
4889
2560
2613
3085
2243
2790
4017
2673
2709
2251
2279
2661
3252
3471
3507
4613
2357
2735
3707
4967
2304
3208
4895
2416
3290
2830
4324
2883
3273
3308
3711
2302
3899
2257
5032
3149
2859
2826
3719
5150
2381
3227
2444
2922
4548
2589
2593
2972
3100
4234
3618
2279
2790
4680
2741
3503
4702
4410
2408
4728
3117
4848
4856
4114
5144
2717
2725
2275
3618
3669
2307
3621
2505
4458
2345
4324
2281
3357
4929
5034
2375
4638
2466
2672
3745
2355
3506
2768
3874
4369
4374
2291
2320
3301
4857
3084
2717
2970
3668
4691
3177
3970
3971
4572
4856
2569
3978
2301
2850
4053
4690
2569
4361
3575
4036
2468
4710
2306
2834
2762
4524
4029
5191
2318
5215
2310
3468
2634
2681
3429
4771
2576
3417
4727
5078
2312
2850
3217
2327
2664
3958
2321
2825
3684
2316
2897
4909
3088
3594
4442
3115
3113
3713
3616
2945
4977
3110
3525
2891
3468
3068
3251
3287
2644
2330
2784
4185
4379
5058
4364
4530
2517
4485
4884
2614
3497
4141
3350
4023
4253
2576
3690
4498
2825
2826
2847
4653
4993
2350
2365
2514
3013
5212
3909
4284
4619
3679
3952
4365
4871
3346
4889
2453
2717
3668
2664
3070
4017
4061
2582
4680
3541
3784
3474
3792
4522
2382
3689
3875
4039
4750
2366
3719
3133
3136
3367
3709
3712
3938
4136
4197
5095
4654
5088
5147
3513
4101
2741
2781
3502
2561
2870
3252
2831
3120
3314
3551
3541
4446
2767
4090
2366
4630
3943
2376
2423
2410
2411
2393
4865
3337
5128
5162
3510
4304
3406
3454
4263
3705
4638
3925
5067
3710
4615
2441
2871
3282
2379
4151
2857
2942
3207
2401
2770
3778
2689
3465
3025
4475
4607
2532
3771
4980
3386
3437
5116
3545
4290
2415
2441
2452
2614
2771
2833
3673
4914
5179
2415
2423
2882
3072
4217
4838
2929
3097
3248
4573
5047
4187
3995
2592
2814
4868
5021
5226
3272
3538
4359
4424
2816
4370
2979
4555
2418
2667
4532
4926
4206
5020
2416
3420
4001
5086
2825
3696
4022
4087
4131
4175
2421
4552
2421
4677
2451
4223
4903
3816
4288
5150
2667
4021
3906
4214
4271
2441
5211
2523
3291
4967
3038
4045
3263
3304
2654
3740
4937
5146
3860
4786
5006
3550
3557
2436
4377
3977
4564
3993
4830
4912
2604
2644
3437
3168
3800
3485
3580
2553
2463
2484
5208
2940
2623
3074
3008
3959
4002
4760
2480
3730
3993
4912
3112
3678
3719
3376
3547
3607
3280
3535
4077
4945
3852
3510
4220
3714
3360
4765
4899
3416
5227
3853
4813
3270
3284
4614
3882
4164
4223
4642
2495
4243
4405
4137
4246
2963
3172
4415
3890
4298
3938
4381
4383
2484
2554
3283
4321
4157
3159
3163
5009
2806
4229
5015
4879
3013
4753
2745
2749
3125
3698
4260
2526
3416
2859
2850
4690
5143
4988
3060
3836
4731
2810
2898
3724
3352
3426
3577
2816
3009
3202
3269
4539
2513
4248
4445
2651
3138
3246
3235
2991
3104
4043
4547
2759
3523
3586
4991
2909
4640
2508
3769
5149
3158
3855
3895
4885
5151
4800
4806
4756
4871
4874
3369
3531
2554
3206
3599
4321
3351
4287
5017
3937
3037
4771
4968
2735
4905
4961
2745
2762
3151
4611
2936
2997
2721
4481
2544
3148
2546
3458
4048
3094
3927
4163
4279
3234
3165
3765
3699
4877
3614
3763
2635
3994
4372
2553
3195
3317
4578
3739
4662
4876
3189
4083
3958
4295
2553
4216
4418
3063
4076
4837
2714
2781
3280
5066
2762
4029
3099
3130
3382
3146
3450
3941
4253
2700
3205
5189
5222
4882
2598
3654
4246
4547
3014
3147
3996
3249
4607
4530
4193
3144
3147
3329
4882
2765
3563
2874
4459
4668
2568
2939
3514
2571
3198
3967
4346
2934
2939
2636
4092
3003
4026
2578
4583
4651
3611
3773
3127
2596
2580
2598
2710
3242
2765
3434
4258
4601
2874
2773
2777
2587
2838
2884
3572
3312
3915
2874
4420
2695
4825
5064
2695
3102
4563
2695
4563
4867
4605
4606
3264
3689
4709
2598
2601
2710
2855
2601
3509
3627
4826
2674
2716
3663
3677
4561
4113
4114
5144
2665
3809
4822
2822
3810
2814
4680
3022
3579
4787
3007
4856
2746
3362
4582
3071
3362
3140
4142
2970
3343
3410
4430
3086
3628
4082
2626
2740
3879
3565
3935
2649
3246
4894
3549
2626
3076
3883
4335
4545
2918
3156
4096
3998
3141
3495
4259
4910
3182
3203
3997
4205
3222
3223
3785
4090
3590
5059
3078
3472
2856
4038
3788
5199
4327
4335
4153
4574
4613
3017
3287
5008
3131
3041
3239
4350
3153
3197
4509
5039
3001
3082
3933
5227
2856
2664
3073
3361
3442
2984
2672
2783
3213
4191
5054
4770
3910
3992
4843
3662
3665
2659
4461
3020
3666
4173
2790
2927
3820
4483
5105
4001
4440
4659
3191
2676
2698
3053
3419
3053
3745
2676
3053
2677
3639
4645
3833
4080
3729
2761
4571
3083
3595
4329
3787
5192
3092
3479
2897
3697
4094
3590
2724
5017
5077
4154
4807
4635
3298
3583
2880
3162
4991
2872
3957
4094
4637
2723
5082
3434
3922
5192
2694
2719
2766
3318
2878
4197
3102
2798
2916
2699
3213
2703
2703
3213
3258
4194
3894
4197
4528
2820
5053
2790
4017
4682
3277
2708
2711
4745
4295
4927
4826
3576
3253
3316
4230
2830
2917
3252
4297
5033
3396
3458
3637
4915
4013
3619
4533
2912
4190
4739
3523
5127
3015
3476
4409
5177
2743
2964
4590
4591
5172
3245
4207
3112
3671
3799
3364
4108
4705
3537
3402
4217
3091
4951
2740
3879
2741
3990
3271
3933
2776
3428
3847
3651
4520
4805
4180
5073
3475
4515
4611
3374
3647
4256
4515
4422
5033
5075
3910
4843
3645
3648
4321
4074
4697
4063
3651
3627
4375
4886
2766
4410
2834
4459
2769
3223
3336
4015
4782
4180
3243
4852
3555
4582
4840
4011
4464
2781
3391
2932
4126
4300
3091
3524
5157
3596
3205
3505
3546
4297
5067
2787
3164
3584
2788
4469
3470
4198
4454
4576
4814
2795
2797
3209
3571
3650
4516
4665
4925
2798
4340
3235
2798
3160
3303
3485
3795
4118
5099
3370
3967
4684
4123
4554
2837
3241
3953
4093
3986
2845
5089
5007
3796
3627
4282
4726
4909
5199
3024
4239
5177
2914
4583
4818
4589
4844
3293
3770
5189
3119
4349
3281
3288
3752
5160
3599
4904
2891
4055
5058
3290
5074
3661
4231
2841
2877
4278
3560
3113
3123
4167
4609
5045
3706
3751
3798
3785
3120
3788
3785
4473
2845
4195
4497
4602
4288
3969
4202
4247
4601
3244
5139
2873
2928
4655
3696
3365
5057
3082
3334
3340
3814
4679
5079
5096
3512
5228
3643
3638
4514
2948
3648
4515
4726
4031
4102
2924
4654
5094
5147
3712
3713
2980
4552
2868
5167
3049
4766
5193
4328
2917
4530
4625
4622
5082
2889
2884
3314
4410
3391
3335
4033
4697
3677
5071
2933
3905
4446
3160
3303
4362
3090
3097
3132
2910
4845
4143
3290
2894
4659
2894
4685
4317
4967
3118
4460
3588
2926
3845
3006
4848
4315
4454
3126
4454
2941
4309
3255
3679
4679
4941
4376
4867
3801
3946
3786
4655
5095
3104
3167
3479
3105
3947
4146
4639
4042
4999
2968
3009
3796
3683
2950
3816
4203
4483
3645
3999
2925
4024
4467
4074
3088
3735
4484
4486
3122
3498
2930
4718
2959
3597
3736
3273
4736
4863
4757
5006
5177
3829
3752
4394
3656
3749
4972
3947
3236
3341
4870
2943
3062
2951
4676
3991
2951
3184
3027
3129
3475
3220
4740
4520
3566
3901
4769
3564
5122
3050
3180
4740
4828
3853
5124
2967
3903
4097
4946
4760
5101
5159
4341
4757
3800
2975
4486
3674
3669
5134
3860
4115
2975
2976
3109
5105
3966
4185
4995
5195
4399
3116
4328
4526
3186
2992
3533
3585
4951
3341
3402
2986
3064
5121
3145
4345
3230
3858
4421
4762
5172
3137
3479
2995
3067
5136
2995
4802
5136
3064
3898
4784
4382
4874
3535
4077
5087
4343
5108
4554
4590
4592
3828
5135
3012
4614
4341
3022
4834
5228
3963
4011
3873
4336
3382
3800
4166
4389
4663
4125
4265
3423
4735
4691
3608
3068
3174
3627
3247
5081
3042
3386
4311
3111
3600
3944
4308
4839
4575
3339
3380
4347
4402
3453
3976
4296
5194
3994
3817
4674
3299
4138
3042
3389
4314
4177
3041
3051
3459
4893
4478
5107
3043
3390
3065
3437
5146
3366
4377
3366
3885
4649
3884
3896
4899
3546
5022
5067
4283
5181
3458
4411
3203
3412
3842
3932
5070
3271
4321
3127
3405
4838
3944
4584
3649
3428
3566
5003
4699
5025
4823
3115
3251
4517
4550
4605
3379
4207
4245
4769
3234
3867
4618
4924
3653
3568
4327
4430
3085
3274
3466
4654
3249
3539
3888
4706
4133
4750
3092
3132
4738
5139
3092
4235
5205
3175
3480
3963
4465
4688
4860
4105
4803
3100
4115
5100
3285
4725
3109
3344
5107
3550
3130
3668
5134
4355
3445
4185
3228
3301
4540
5228
3620
5206
3549
4774
4798
3313
3344
4715
4094
3724
3939
3988
4299
4053
5075
4377
4388
5181
4695
3940
3984
3986
3313
4045
4650
4307
5206
3244
4693
3215
3573
4709
3138
4022
3573
3773
3286
3313
3344
5104
4370
3739
3746
4166
3508
4847
5124
3838
3905
3188
3209
3171
4720
3270
4098
3310
3198
3514
4449
4293
3166
4280
5109
3942
4166
4764
5092
3302
4188
4284
3478
3171
5098
3306
5109
4005
4409
3176
3496
4779
3286
3509
3557
3962
4982
3183
3196
3956
4065
4150
3187
3655
4593
4733
3357
3412
5022
4220
4740
3551
3739
3211
4304
4527
3914
5188
4472
3196
3694
4070
4955
3506
4893
4937
4225
4155
4511
3334
4216
4430
4723
5056
4164
4431
4312
4373
4418
3830
4531
3996
4226
3211
3494
5023
5029
3696
3721
3467
3642
3264
4966
4783
5130
3676
3684
5143
4556
4172
4329
4815
4656
3249
3494
4172
5027
3757
3760
4051
3807
4192
4646
4751
4451
5099
5101
4294
4725
3977
4361
3518
3523
4299
3232
3782
4557
4147
4497
3856
3976
4333
5094
5150
4186
4460
4011
4595
4684
4402
3762
3708
3851
4106
4329
3451
4890
4247
4653
4365
4487
3672
5161
5214
3681
3695
4152
3519
4845
5195
3603
4438
3303
3558
3593
4652
3748
3490
4150
4352
3436
3847
4659
3426
4223
3311
4479
3424
4588
4165
4946
4582
3278
3398
3854
3824
4436
3660
4308
5029
3292
4412
3288
3807
3502
4297
3809
3288
4095
5208
3307
5041
4289
4378
3334
4432
4480
4055
4317
3824
4436
4392
4628
3569
5090
3884
4896
5055
3309
3782
4885
5182
4130
3489
3765
4640
3846
4652
4169
4369
4296
3311
3471
3315
3678
4681
3311
4479
4020
4052
3897
4135
5091
4633
4351
4080
4161
4174
3540
3917
4202
4230
4993
4181
4182
3718
3887
5000
3326
3818
3419
4555
4926
4580
3746
4152
4569
4580
4970
4506
4248
4249
3848
3875
4133
3578
3722
4548
4432
5185
4884
3671
5206
4763
3930
4970
4640
3351
4190
4576
4579
3742
3941
4188
5225
4430
5040
3367
4472
4981
5001
3625
3652
4010
3492
3993
5184
4073
5049
5218
4605
4298
4085
4219
4519
3371
3632
4108
4110
4387
4792
4797
4359
4291
4910
4965
4621
3402
3442
3975
3977
4208
3442
4239
4347
4307
3473
3969
3643
4035
3592
5180
3388
3403
4386
3819
4171
4855
3394
4386
4749
3912
3655
5114
4930
5011
4604
3849
4914
5179
3407
4386
4588
4309
4901
5155
3442
3532
3414
3423
4538
4735
3838
4048
4737
3454
4095
3772
4683
4690
5078
4929
3582
4189
4779
3561
3855
3418
3424
3773
4086
3467
3455
4440
3422
3427
3456
3467
3933
3503
3724
4349
4352
5184
3832
3469
3777
5129
3856
4620
3644
4645
5153
3534
5218
4819
3965
3980
4277
4344
3803
4130
3557
3856
4419
4310
5138
3451
4407
4503
4507
5152
4777
5108
3457
4193
5003
3479
4901
3556
4658
4030
4226
4534
3695
4911
3506
5093
4587
4656
3968
3969
3744
3906
4170
3645
3539
4588
4968
3598
4469
3516
4378
4890
5003
3979
4708
4408
3621
3623
4850
5163
4406
4840
4858
5139
4366
5054
4213
4204
4978
4997
4672
5148
3981
4595
3990
4177
3544
4037
4734
4179
3524
3701
3943
4577
4765
4264
4630
4655
3535
4755
4945
4584
4992
3920
4221
3704
4080
4161
5220
3740
3516
4574
4836
4630
4616
4931
3516
4335
4608
5041
4049
4541
4426
5133
4134
5077
3758
4989
4001
4651
4496
3975
4357
5046
3561
4227
4322
4232
4298
4636
4543
4723
4812
4281
5145
5045
5214
4104
4291
4089
4474
3943
3983
4331
4176
4712
3547
4257
4200
4320
4832
4397
5140
4058
3559
3560
3673
3559
3673
5086
3846
4360
4028
3912
3646
3918
3565
3936
3566
3646
3898
4164
4318
5135
5227
3843
4244
3721
3790
4103
4644
3685
3754
3914
4320
4665
5225
3781
4834
3622
3589
3914
5188
5077
3858
3697
4637
4439
5129
4831
4139
4823
3692
4004
3598
3698
4133
5136
4466
5200
3900
5223
3855
4878
4018
4906
4176
3764
4331
3841
3959
3914
4320
4734
3974
4495
4498
4196
4240
4030
4701
4058
3880
4458
3737
3797
5215
3840
3621
3624
4536
3859
3973
4118
3973
4533
4615
3631
3802
3630
3631
3635
4387
3827
4711
4562
4711
3802
3637
3655
4969
3780
4949
4518
5036
5186
3648
4256
3643
3784
3918
4519
3898
4731
3720
3772
3655
4733
3664
4231
4447
5042
3660
5026
3664
4400
5164
4461
4996
4691
5134
5206
3671
4452
3982
4405
4691
3754
3777
4102
4414
3755
3776
4510
3710
4047
4293
4393
4667
3777
3781
3710
3692
3689
3781
4709
5078
3693
4514
4923
4466
3709
4256
4519
4954
5090
3804
4248
3866
4384
4607
5027
4542
4969
4970
5040
5208
4174
5024
4412
5166
3737
4943
4541
3864
4012
5165
4269
4518
4611
3853
3722
3725
3846
4490
4068
4304
3744
4183
4916
3784
5158
5178
3757
3728
4864
3997
4018
4176
4205
3791
3728
4088
4101
5074
4955
3731
4313
4196
4936
4253
4851
5211
4648
4827
4083
4865
3972
4397
4698
4023
5009
3889
4641
5149
3887
3995
4876
4666
4668
4516
4925
4944
3755
4042
3913
5200
3753
4434
4086
5143
4051
4473
4685
4099
3785
4090
4473
4158
4759
4571
4121
4316
3801
4003
4640
3851
4163
3814
3965
4846
4035
4657
4314
5138
4975
4393
5037
3778
3781
4827
4036
3786
4655
3910
3915
4561
4035
4366
5016
3791
5016
4657
4221
4521
3945
5082
3819
4747
3954
4340
4459
4434
5042
3802
5050
4193
3941
4452
4512
4999
3825
4700
4144
4938
5151
3824
3825
4147
3991
4411
4918
4916
4998
4162
4748
4203
4397
4255
4503
4505
4507
4522
3870
4520
4098
4545
4882
4071
4261
3835
3839
3837
4631
4701
5190
3842
4981
4897
4168
4034
3842
4319
4450
5103
3866
5130
4658
4548
4261
3866
4783
4873
4931
4583
4891
3863
4869
3934
4082
4307
5144
4209
4725
4063
3864
4163
4008
4158
4456
3872
4609
4529
5055
3877
4015
4164
4457
3999
4836
4898
4285
4898
5049
4162
4963
5128
4681
5014
4527
4756
4389
3897
3902
5176
4873
5122
4222
4863
4442
4027
4257
4489
4555
5154
4502
5152
4280
3913
4314
5207
4322
3915
4178
4178
4829
4189
4707
3922
3944
4303
4992
5070
4758
4985
4181
4420
4265
4546
4542
4136
4837
4545
4907
5011
3936
4669
5133
4878
3949
4819
5101
4816
4817
4552
5124
5225
4213
4143
3960
4819
4326
4988
4517
4061
4682
4741
4980
3964
4817
3968
4859
4414
4537
4294
4857
4678
4550
4580
4028
4241
5187
4702
5063
4202
4230
5179
4389
4010
4034
4060
4513
4177
4391
4249
4186
4344
4570
4268
4056
4059
4860
4647
4622
5199
4079
4535
4422
4365
4526
4552
4096
4972
4026
4287
4286
4223
4903
5169
4713
4049
5030
4072
4098
4048
4665
4079
4339
4348
5106
5117
4364
4893
5037
4056
4101
4683
5078
4764
4924
5104
4670
4943
5074
4062
4911
4152
4569
4176
4631
4600
4631
4676
4567
4596
4599
4600
4785
4952
4953
5210
5187
4807
4077
4472
5001
4915
4534
4712
4153
4969
4810
5167
4089
4105
4900
4690
4151
4301
4670
4097
4874
5156
5225
5040
4449
4727
4666
4156
4566
5049
4474
4264
4391
4455
4138
5187
4785
4529
4662
4209
4210
4210
4131
5065
4210
4340
4692
5137
4394
4976
4878
4129
4159
4432
4344
4714
4879
5053
4938
4148
4622
4988
5102
4782
4135
5017
4211
4547
5106
4547
4586
4575
4942
5113
4359
4424
4603
5093
4830
4192
5201
4349
5197
4175
5039
5039
4796
4806
4375
4160
4695
4888
4170
4282
5009
4224
4610
4270
5190
4367
4214
4420
4581
4907
4472
4647
4612
4200
5059
5060
4351
4756
5154
4478
4338
4579
4190
4941
4348
5055
4633
4414
4201
5084
5063
4763
5092
5219
5022
4371
4671
4361
5137
4292
5148
4215
5148
4652
5083
5014
4218
4965
4259
4302
4227
5016
4736
4392
4737
4258
4581
4566
4803
4271
4323
5154
4254
4951
4305
4622
5076
4456
4831
4832
4908
5085
4341
4591
4396
5161
4275
4928
4755
5001
4334
5155
5157
4706
4963
4277
4273
4342
4428
4700
4282
4287
4425
4375
4296
4766
4566
5005
4830
4964
4390
4850
4900
5097
5171
4900
4952
4811
5210
5213
4866
4888
4792
4372
4373
4695
4632
4746
4671
4334
4431
5155
4455
4781
4416
4327
4637
4987
4626
4632
4940
4918
5147
4836
4856
4448
4453
4760
4800
4721
4712
4409
5174
4702
4354
4356
4383
4585
4585
5175
4887
4743
4493
4403
4488
4557
4921
5002
5048
5168
5192
5168
4403
4478
4821
4770
4877
4388
4619
4877
4772
4463
4481
5148
4447
5037
4902
4400
4589
4902
4698
4506
4714
4772
5174
4774
4689
4413
4930
4638
4653
4419
5222
4855
4788
5069
4424
4428
4429
4427
4428
4608
4610
4429
4429
5221
5224
5200
5166
4441
4470
4443
4445
5076
5142
5001
4908
4668
4875
4450
4639
5098
4451
4453
4460
5101
5164
4465
4476
4484
5018
4471
4468
4476
4477
5094
4477
4606
4477
4919
4939
4525
4483
4484
4778
5105
4489
4489
4677
4493
4493
4494
4853
4499
4506
4706
5102
4780
4509
4511
4512
4513
5191
4518
5186
5191
4566
5056
4972
5170
4927
4663
4535
4538
4537
4609
4803
5056
4549
4892
5113
4553
4617
4558
4562
4917
4852
4857
4567
4617
5044
4573
4688
5027
4602
5216
4598
4841
4596
4599
4678
4738
4858
4857
4617
4841
4911
4873
4922
4841
4623
4624
4739
5122
4905
4639
4971
5189
5068
5071
4673
4718
4646
5059
4642
4829
4936
4950
4660
4924
4675
5010
4926
4949
4669
4683
5075
4746
4675
4729
4701
4859
5088
4921
4689
5008
4696
4693
4696
4694
4738
5099
4699
4808
4703
4704
4897
4712
4713
4752
4913
5190
4848
4941
4722
4761
5175
4728
5032
5036
5186
4739
4859
4758
4749
4744
4745
5107
4772
4825
4754
4762
4762
5006
4767
4990
5194
5000
4872
5038
5169
4872
4774
4796
5177
5174
4999
4907
4929
5034
4799
4963
5128
4992
5220
4790
5115
4790
4794
5097
4795
4965
4798
4801
4854
4824
5005
4814
4812
4959
5028
5125
4956
5031
5213
5212
4815
4979
4837
4904
4854
4851
4943
4957
4835
5040
5012
5163
5064
5051
4937
4854
4849
5064
4934
5203
4870
5012
4877
5013
4892
5002
5180
4934
5173
4917
5062
5220
5223
5224
4932
4917
4919
5150
4939
4928
5118
4937
5014
4950
4950
4966
5183
5025
5043
5004
4958
4959
5028
5045
5158
5142
5098
4990
4995
4998
4976
5217
5051
4983
4983
5021
5046
5072
5000
4997
5168
5038
5219
5000
5125
5018
5031
5034
5226
5194
5196
5048
5026
5028
5029
5043
5153
5185
5048
5062
5097
5171
5196
5069
5073
5071
5088
5229
5086
5149
5135
5096
5103
5120
5118
5119
5120
5120
5203
5169
5178
5183
5222
5183
5200
5176
5184
5186
5201
5196
5204
5209
5224
)


// ************************************************************************* //
