/*--------------------------------*- C++ -*----------------------------------*\
  =========                 |
  \\      /  F ield         | OpenFOAM: The Open Source CFD Toolbox
   \\    /   O peration     | Website:  https://openfoam.org
    \\  /    A nd           | Version:  7
     \\/     M anipulation  |
\*---------------------------------------------------------------------------*/
FoamFile
{
    version     2.0;
    format      ascii;
    class       vectorField;
    location    "constant/polyMesh";
    object      points;
}
// * * * * * * * * * * * * * * * * * * * * * * * * * * * * * * * * * * * * * //


1326
(
(5.95 5.5 1)
(5.95 4.5 1)
(4.95 5.5 1)
(4.95 4.5 1)
(5.95 5.5 0)
(5.95 4.5 0)
(4.95 4.5 0)
(4.95 5.5 0)
(20 10 0)
(20 10 5)
(20 0 5)
(20 0 0)
(0 10 0)
(0 10 5)
(0 0 0)
(0 0 5)
(20 0 1)
(20 0 2)
(20 0 3)
(20 0 4)
(20 1 5)
(20 2 5)
(20 3 5)
(20 4 5)
(20 5 5)
(20 6 5)
(20 7 5)
(20 8 5)
(20 9 5)
(20 10 1)
(20 10 2)
(20 10 3)
(20 10 4)
(20 1 0)
(20 2 0)
(20 3 0)
(20 4 0)
(20 5 0)
(20 6 0)
(20 7 0)
(20 8 0)
(20 9 0)
(0 1 0)
(0 2 0)
(0 3 0)
(0 4 0)
(0 5 0)
(0 6 0)
(0 7 0)
(0 8 0)
(0 9 0)
(1 10 0)
(2 10 0)
(3 10 0)
(4 10 0)
(5 10 0)
(6 10 0)
(7 10 0)
(8 10 0)
(9 10 0)
(10 10 0)
(11 10 0)
(12 10 0)
(13 10 0)
(14 10 0)
(15 10 0)
(16 10 0)
(17 10 0)
(18 10 0)
(19 10 0)
(1 0 0)
(2 0 0)
(3 0 0)
(4 0 0)
(5 0 0)
(6 0 0)
(7 0 0)
(8 0 0)
(9 0 0)
(10 0 0)
(11 0 0)
(12 0 0)
(13 0 0)
(14 0 0)
(15 0 0)
(16 0 0)
(17 0 0)
(18 0 0)
(19 0 0)
(1 10 5)
(2 10 5)
(3 10 5)
(4 10 5)
(5 10 5)
(6 10 5)
(7 10 5)
(8 10 5)
(9 10 5)
(10 10 5)
(11 10 5)
(12 10 5)
(13 10 5)
(14 10 5)
(15 10 5)
(16 10 5)
(17 10 5)
(18 10 5)
(19 10 5)
(0 10 1)
(0 10 2)
(0 10 3)
(0 10 4)
(0 1 5)
(0 2 5)
(0 3 5)
(0 4 5)
(0 5 5)
(0 6 5)
(0 7 5)
(0 8 5)
(0 9 5)
(1 0 5)
(2 0 5)
(3 0 5)
(4 0 5)
(5 0 5)
(6 0 5)
(7 0 5)
(8 0 5)
(9 0 5)
(10 0 5)
(11 0 5)
(12 0 5)
(13 0 5)
(14 0 5)
(15 0 5)
(16 0 5)
(17 0 5)
(18 0 5)
(19 0 5)
(0 0 1)
(0 0 2)
(0 0 3)
(0 0 4)
(20 0.898106 1.69571)
(20 0.620347 2.48617)
(20 0.774271 3.26944)
(20 0.883131 4.13247)
(20 1.82745 4.17133)
(20 2.80349 4.18227)
(20 3.80042 4.18408)
(20 4.8081 4.18226)
(20 5.8044 4.19483)
(20 6.74188 4.27561)
(20 7.67486 4.36071)
(20 8.6649 4.26227)
(20 9.04455 1.39983)
(20 8.98249 3.35671)
(20 1.38019 0.85164)
(20 3.45681 0.856684)
(20 5.48356 0.844264)
(20 7.36805 0.666035)
(20 8.15958 0.971003)
(20 8.99296 2.42751)
(20 2.44035 0.848142)
(20 4.46776 0.856061)
(20 6.48118 0.792336)
(20 1.4056 2.50134)
(20 1.6486 3.33585)
(20 1.89508 1.68057)
(20 2.58876 3.36131)
(20 3.57608 3.37063)
(20 4.59643 3.36683)
(20 5.64175 3.35501)
(20 6.65143 3.41571)
(20 7.41156 3.71246)
(20 8.15846 3.697)
(20 6.03123 1.6701)
(20 4.93939 1.7019)
(20 3.91622 1.71994)
(20 2.89443 1.69992)
(20 7.84892 2.90898)
(20 8.01692 1.9648)
(20 7.13185 1.49015)
(20 2.31233 2.5305)
(20 3.28813 2.55048)
(20 4.30976 2.553)
(20 5.37814 2.53313)
(20 6.67514 2.47824)
(0.869812 1.36396 0)
(0.929044 3.42955 0)
(0.967105 5.45365 0)
(0.9052 7.46168 0)
(1.38015 9.11933 0)
(3.4907 9.07514 0)
(5.50427 9.07064 0)
(7.50991 9.04026 0)
(9.50868 9.11758 0)
(11.5107 9.13948 0)
(13.4956 9.12413 0)
(15.4793 9.11388 0)
(17.4174 9.08239 0)
(1.63431 0.830073 0)
(2.52102 0.888491 0)
(3.51299 0.893448 0)
(4.5285 0.920605 0)
(5.54815 0.946902 0)
(6.57231 0.951539 0)
(7.58732 0.945675 0)
(8.59505 0.926855 0)
(9.60162 0.905583 0)
(10.6072 0.895776 0)
(11.6092 0.898719 0)
(12.606 0.905124 0)
(13.5962 0.902707 0)
(14.573 0.880067 0)
(15.524 0.824531 0)
(16.4413 0.73612 0)
(17.3674 0.747036 0)
(18.2457 0.83626 0)
(19.1283 0.908517 0)
(19.1914 1.86522 0)
(19.2224 2.83608 0)
(19.2486 3.80982 0)
(19.2738 4.77668 0)
(19.3126 5.71426 0)
(19.2974 6.67749 0)
(19.2616 7.60147 0)
(19.2327 8.63597 0)
(3.96768 5.01356 0)
(5.25061 3.68546 0)
(6.73918 4.89078 0)
(5.66503 6.41747 0)
(0.879283 2.39559 0)
(0.999418 4.42996 0)
(0.922689 6.46754 0)
(0.840946 8.35484 0)
(2.44423 9.07375 0)
(4.49929 9.06641 0)
(6.51254 9.0556 0)
(8.50689 9.07032 0)
(10.5127 9.14162 0)
(12.5034 9.12916 0)
(14.4897 9.12177 0)
(16.4591 9.10271 0)
(4.14875 3.96218 0)
(18.35 9.02173 0)
(3.80521 6.12942 0)
(6.68814 6.0754 0)
(6.36837 3.76607 0)
(4.01355 8.11203 0)
(1.88679 5.95613 0)
(1.84401 8.09796 0)
(1.67046 2.83355 0)
(1.87745 1.82512 0)
(2.98558 8.19518 0)
(6.01652 8.15762 0)
(8.02954 8.06895 0)
(10.0355 8.28495 0)
(12.0098 8.2621 0)
(13.9838 8.24521 0)
(15.9531 8.21358 0)
(17.804 8.1436 0)
(3.05678 4.42479 0)
(4.60327 6.97757 0)
(1.9853 4.90451 0)
(2.08265 3.76239 0)
(7.56991 5.49097 0)
(2.97631 1.75468 0)
(4.02104 1.79368 0)
(5.0561 1.88574 0)
(6.13092 1.89674 0)
(7.17802 1.90634 0)
(8.19677 1.87792 0)
(9.20817 1.82142 0)
(10.2173 1.78674 0)
(11.2214 1.78856 0)
(12.219 1.80915 0)
(13.2138 1.82058 0)
(14.2004 1.80409 0)
(15.1614 1.73847 0)
(16.0603 1.59775 0)
(16.8426 1.3963 0)
(17.5744 1.61014 0)
(18.3733 1.74849 0)
(5.66832 2.81365 0)
(18.4253 2.68804 0)
(18.4792 3.63582 0)
(18.5235 4.5914 0)
(18.5621 5.51415 0)
(18.6789 6.313 0)
(18.6012 8.12719 0)
(7.47916 4.07701 0)
(4.43707 2.87393 0)
(2.91233 5.48478 0)
(6.45058 7.14995 0)
(1.78826 6.97501 0)
(5.00261 8.14043 0)
(7.02111 8.05681 0)
(9.03494 8.19706 0)
(11.0295 8.29318 0)
(12.9952 8.24662 0)
(14.9728 8.23848 0)
(16.9038 8.17974 0)
(7.54891 6.87384 0)
(6.77961 2.87191 0)
(18.395 7.21269 0)
(3.49173 7.2187 0)
(3.2882 3.41423 0)
(3.47291 2.51756 0)
(8.44541 6.06971 0)
(9.59553 7.42301 0)
(12.4884 7.36035 0)
(14.4621 7.3682 0)
(2.74993 6.50486 0)
(5.53256 7.36202 0)
(17.3925 7.22687 0)
(7.81929 2.88694 0)
(8.83398 2.76445 0)
(9.8387 2.67007 0)
(10.8392 2.65801 0)
(11.8295 2.70315 0)
(12.8291 2.73907 0)
(13.84 2.74608 0)
(14.8494 2.69778 0)
(15.8437 2.55201 0)
(16.7644 2.22289 0)
(17.5955 2.52847 0)
(17.6751 3.44527 0)
(17.772 4.38395 0)
(17.7667 5.35048 0)
(2.56523 2.69798 0)
(8.41841 4.91193 0)
(16.4385 7.27198 0)
(11.5132 7.40402 0)
(8.63114 7.1825 0)
(17.8921 6.31311 0)
(2.56832 7.40802 0)
(10.5666 7.486 0)
(13.4774 7.35839 0)
(15.453 7.347 0)
(8.52888 3.78841 0)
(14.9287 6.51395 0)
(16.9292 6.16109 0)
(13.9599 6.47265 0)
(9.35021 6.46576 0)
(12.9645 6.45137 0)
(10.9789 6.57522 0)
(9.49004 3.55181 0)
(10.4665 3.48311 0)
(11.4193 3.57823 0)
(12.4116 3.65112 0)
(13.4384 3.68362 0)
(14.4967 3.68703 0)
(15.5556 3.56946 0)
(16.6655 3.26996 0)
(17.0549 4.09941 0)
(16.9837 5.01289 0)
(11.9452 6.45763 0)
(15.9141 6.43174 0)
(10.141 6.77651 0)
(9.31416 5.49194 0)
(9.30883 4.51658 0)
(10.2221 5.9448 0)
(14.4714 5.59208 0)
(13.476 5.5489 0)
(10.2138 5.04535 0)
(10.9518 4.41634 0)
(11.9239 4.56384 0)
(12.9618 4.60611 0)
(14.0257 4.63804 0)
(15.1966 4.71091 0)
(16.228 4.37146 0)
(11.2582 5.50555 0)
(10.0955 4.20471 0)
(16.1364 5.40636 0)
(15.3398 5.72892 0)
(12.422 5.52334 0)
(1.62866 10 0.746415)
(2.5037 10 0.810605)
(3.47659 10 0.833039)
(4.48012 10 0.837699)
(5.48816 10 0.837628)
(6.49406 10 0.83645)
(7.49734 10 0.835499)
(8.49886 10 0.834913)
(9.49941 10 0.834713)
(10.4995 10 0.834637)
(11.4991 10 0.834544)
(12.4981 10 0.834283)
(13.4955 10 0.833875)
(14.4891 10 0.832396)
(15.4757 10 0.82915)
(16.4487 10 0.819042)
(17.3987 10 0.7963)
(18.3118 10 0.752581)
(19.2022 10 0.816541)
(19.2671 10 1.73969)
(19.2592 10 2.65704)
(19.2404 10 3.67323)
(1.37139 10 4.24753)
(3.42355 10 4.15585)
(5.48215 10 4.16627)
(7.49741 10 4.16791)
(9.4994 10 4.1679)
(11.4992 10 4.16791)
(13.496 10 4.16829)
(15.4802 10 4.16813)
(17.4248 10 4.14479)
(0.893268 10 1.29962)
(1.45 10 3.31335)
(2.36171 10 4.14906)
(4.4619 10 4.16296)
(6.4929 10 4.16765)
(8.49896 10 4.16781)
(10.4994 10 4.1679)
(12.4982 10 4.16803)
(14.4912 10 4.16896)
(16.4613 10 4.16335)
(18.3633 10 4.07947)
(1.08344 10 2.31061)
(2.9078 10 1.65875)
(3.9416 10 1.67167)
(4.96832 10 1.6735)
(5.98541 10 1.67257)
(6.9932 10 1.67077)
(7.99737 10 1.66977)
(8.99864 10 1.66924)
(9.99918 10 1.66929)
(10.9991 10 1.66914)
(11.9985 10 1.66905)
(12.9961 10 1.66856)
(13.9915 10 1.66843)
(14.9757 10 1.66606)
(15.9498 10 1.66075)
(16.8953 10 1.63803)
(17.8017 10 1.59186)
(18.5916 10 1.46568)
(1.87992 10 1.58657)
(18.3836 10 2.35728)
(18.6094 10 3.20969)
(7.99721 10 3.33577)
(2.80265 10 3.31679)
(5.98358 10 3.3369)
(10.999 10 3.33568)
(4.95943 10 3.33508)
(12.9962 10 3.33559)
(14.979 10 3.33644)
(16.9087 10 3.31406)
(17.8179 10 3.26914)
(6.99407 10 3.33656)
(3.91047 10 3.32967)
(9.99904 10 3.33592)
(15.9526 10 3.33085)
(11.9986 10 3.33571)
(13.9915 10 3.33612)
(8.99877 10 3.33562)
(8.49797 10 2.50311)
(2.24906 10 2.4727)
(4.43796 10 2.50443)
(6.48984 10 2.50547)
(9.4989 10 2.50317)
(10.4991 10 2.5032)
(12.498 10 2.50271)
(14.4853 10 2.50273)
(16.4261 10 2.48639)
(3.37685 10 2.49938)
(15.4643 10 2.50082)
(5.47256 10 2.50584)
(11.499 10 2.50315)
(7.49544 10 2.50383)
(13.4946 10 2.5026)
(17.3813 10 2.45278)
(0.819146 1.62786 5)
(0.866823 2.50708 5)
(0.85354 3.47552 5)
(0.848153 4.44895 5)
(0.835291 5.41913 5)
(0.830311 6.3817 5)
(0.844242 7.32638 5)
(0.874842 8.24503 5)
(0.921803 9.13463 5)
(1.88586 9.22044 5)
(2.87347 9.27203 5)
(3.87078 9.29745 5)
(4.86744 9.3099 5)
(5.86342 9.32224 5)
(6.86081 9.33247 5)
(7.86003 9.33728 5)
(8.85919 9.33599 5)
(9.85608 9.3323 5)
(10.8505 9.33123 5)
(11.8451 9.33192 5)
(12.8433 9.32599 5)
(13.8354 9.30931 5)
(14.798 9.30533 5)
(15.719 9.35557 5)
(16.6651 9.36129 5)
(17.601 9.27376 5)
(18.6178 9.20057 5)
(19.0901 1.4404 5)
(19.1174 3.53974 5)
(19.1072 5.51873 5)
(19.1738 7.40907 5)
(1.36449 0.869215 5)
(3.466 0.896527 5)
(5.49411 0.876042 5)
(7.50872 0.858262 5)
(9.50407 0.860318 5)
(11.497 0.849797 5)
(13.49 0.848392 5)
(15.4854 0.845721 5)
(17.3734 0.727082 5)
(18.1906 1.02462 5)
(19.1056 2.51455 5)
(19.1103 4.541 5)
(19.1308 6.47574 5)
(19.0636 8.34747 5)
(2.42141 0.903889 5)
(4.48129 0.897314 5)
(6.50567 0.858903 5)
(8.50727 0.860285 5)
(10.5005 0.855239 5)
(12.4937 0.846556 5)
(14.486 0.848844 5)
(16.4807 0.835168 5)
(1.70204 2.96026 5)
(1.71654 3.92813 5)
(1.69407 4.88019 5)
(1.66286 5.81881 5)
(1.67017 6.73204 5)
(1.72137 7.60498 5)
(1.7969 8.42279 5)
(2.92916 1.75824 5)
(2.7605 8.5362 5)
(3.74809 8.59039 5)
(4.73761 8.61235 5)
(5.72765 8.63832 5)
(6.71966 8.66202 5)
(7.71512 8.67493 5)
(8.71196 8.67317 5)
(9.70638 8.66366 5)
(10.697 8.65907 5)
(11.6824 8.66384 5)
(12.6734 8.66125 5)
(13.672 8.62155 5)
(14.6395 8.5754 5)
(15.5519 8.62852 5)
(16.3238 8.78747 5)
(17.1397 8.57436 5)
(18.0481 8.48577 5)
(18.4049 7.76254 5)
(18.2032 6.03747 5)
(1.79805 1.86367 5)
(4.98279 1.7793 5)
(18.2347 4.10501 5)
(7.0218 1.71145 5)
(9.01257 1.72388 5)
(11.0002 1.70449 5)
(12.9835 1.69348 5)
(14.9666 1.69851 5)
(17.1483 1.67091 5)
(18.1923 5.0826 5)
(18.2451 3.09434 5)
(18.276 6.95459 5)
(3.95636 1.81673 5)
(18.19 2.06152 5)
(6.0163 1.71457 5)
(8.01772 1.71976 5)
(10.0072 1.7186 5)
(11.992 1.69259 5)
(13.9731 1.70041 5)
(15.9857 1.68112 5)
(16.4017 2.50414 5)
(2.58331 4.37092 5)
(2.51848 5.31756 5)
(2.46877 6.18574 5)
(2.52219 7.03594 5)
(2.64722 7.79168 5)
(8.52217 2.58691 5)
(3.61822 7.87692 5)
(4.59647 7.89691 5)
(5.58072 7.93995 5)
(6.56449 7.98302 5)
(7.55147 8.01044 5)
(8.5423 8.01021 5)
(9.53224 7.99137 5)
(10.5223 7.97862 5)
(11.5041 7.98209 5)
(12.4641 8.00675 5)
(13.4611 7.95712 5)
(14.4573 7.81312 5)
(15.4726 7.85351 5)
(16.4182 8.05565 5)
(15.419 2.54321 5)
(7.5309 2.57407 5)
(13.4626 2.54395 5)
(17.4395 7.64212 5)
(11.4994 2.53858 5)
(17.4125 3.68385 5)
(5.55597 2.55098 5)
(6.54758 2.5492 5)
(12.4824 2.52609 5)
(14.4389 2.56041 5)
(10.5146 2.5662 5)
(17.3703 2.6873 5)
(9.51976 2.58543 5)
(2.48109 2.53027 5)
(4.45109 2.81195 5)
(3.37937 2.7027 5)
(17.3043 6.627 5)
(2.59351 3.40878 5)
(17.2761 4.65766 5)
(17.2176 5.64176 5)
(3.33455 5.76442 5)
(3.21005 6.51747 5)
(3.45909 7.16712 5)
(4.42384 7.14672 5)
(5.41576 7.21524 5)
(6.39012 7.28522 5)
(7.35874 7.33992 5)
(8.33464 7.34758 5)
(9.31172 7.31362 5)
(10.3026 7.2881 5)
(11.2976 7.28042 5)
(12.2619 7.30289 5)
(13.1169 7.38817 5)
(15.3131 7.01841 5)
(16.3934 7.20813 5)
(16.6988 3.28249 5)
(15.8486 3.37809 5)
(8.02193 3.44846 5)
(11.0355 3.39984 5)
(3.57209 3.78217 5)
(10.0407 3.43229 5)
(13.9103 3.41867 5)
(5.24296 3.32996 5)
(16.4508 4.13795 5)
(11.9935 3.34085 5)
(9.02846 3.45034 5)
(6.09633 3.35869 5)
(16.2473 6.27191 5)
(14.8923 3.43409 5)
(3.36086 4.86181 5)
(7.03838 3.41313 5)
(12.9581 3.35152 5)
(8.51296 4.3203 5)
(4.16282 6.32309 5)
(5.23715 6.45241 5)
(6.2084 6.54832 5)
(7.13946 6.65139 5)
(8.0776 6.68971 5)
(9.01957 6.62691 5)
(10.0051 6.58691 5)
(11.0269 6.56447 5)
(12.0595 6.5675 5)
(13.0868 6.65319 5)
(14.1079 7.00637 5)
(16.0815 5.20516 5)
(15.1015 6.12155 5)
(4.12569 4.53276 5)
(10.5923 4.25659 5)
(4.18442 5.37733 5)
(4.61843 3.8725 5)
(11.5987 4.22174 5)
(14.3385 4.31184 5)
(7.48371 4.3053 5)
(13.332 4.25647 5)
(15.4047 4.31031 5)
(9.55802 4.28299 5)
(4.92886 4.7665 5)
(12.4638 4.05866 5)
(6.05295 5.77586 5)
(6.97935 5.87895 5)
(7.76601 6.05894 5)
(8.62198 5.9238 5)
(9.5948 5.86644 5)
(10.638 5.84217 5)
(11.7215 5.80538 5)
(12.8404 5.84718 5)
(13.9615 6.02321 5)
(5.0885 5.63947 5)
(10.1159 5.08062 5)
(9.06828 5.12642 5)
(6.48463 4.20827 5)
(14.7736 5.20929 5)
(5.5464 4.10453 5)
(7.90867 5.21567 5)
(11.1992 5.05488 5)
(13.6396 5.13377 5)
(12.4187 4.97194 5)
(6.81853 5.07008 5)
(5.8371 4.94439 5)
(1.35524 0 0.811431)
(3.44325 0 0.849746)
(5.48581 0 0.83529)
(7.49819 0 0.83259)
(9.50013 0 0.833327)
(11.5007 0 0.834297)
(13.5043 0 0.835803)
(15.5145 0 0.840615)
(17.4898 0 0.829082)
(19.1059 0 1.34394)
(19.2594 0 3.38767)
(19.1758 0 4.19387)
(1.42612 0 4.18942)
(2.48504 0 4.22422)
(3.47928 0 4.18066)
(4.48524 0 4.16808)
(5.49195 0 4.16487)
(6.49634 0 4.16451)
(7.49845 0 4.16505)
(8.49929 0 4.16578)
(9.49962 0 4.16642)
(10.4999 0 4.16695)
(11.5004 0 4.16728)
(12.5016 0 4.1674)
(13.5042 0 4.16756)
(14.5095 0 4.16791)
(15.5191 0 4.16891)
(16.5315 0 4.17357)
(17.525 0 4.20099)
(18.3863 0 4.34642)
(0.820416 0 1.56086)
(0.977939 0 2.39086)
(1.07738 0 3.28899)
(2.40756 0 0.846652)
(4.47101 0 0.840484)
(6.49437 0 0.833091)
(8.49963 0 0.832878)
(10.5003 0 0.833814)
(12.502 0 0.834785)
(14.5087 0 0.83778)
(16.5162 0 0.842126)
(18.3673 0 0.771171)
(18.9194 0 2.45336)
(13.0043 0 1.6696)
(5.98626 0 1.66529)
(7.99845 0 1.66511)
(4.96798 0 1.66997)
(10.0001 0 1.66711)
(6.99543 0 1.66443)
(12.0017 0 1.66863)
(8.99983 0 1.66613)
(15.0226 0 1.67566)
(17.0708 0 1.68551)
(18.1084 0 1.63937)
(2.85326 0 1.70605)
(1.78326 0 1.67338)
(11.0004 0 1.66801)
(18.282 0 3.44943)
(2.9312 0 3.37552)
(3.95529 0 3.34168)
(4.97584 0 3.33276)
(5.98997 0 3.32972)
(6.99613 0 3.32996)
(7.99858 0 3.33108)
(8.99928 0 3.33244)
(9.99966 0 3.33352)
(10.9999 0 3.33445)
(12.0009 0 3.33502)
(13.0041 0 3.33534)
(14.0099 0 3.33627)
(15.024 0 3.33868)
(16.0532 0 3.34291)
(17.1126 0 3.35795)
(3.92977 0 1.68215)
(2.01185 0 3.51186)
(14.0098 0 1.67169)
(16.042 0 1.68163)
(2.15211 0 2.60313)
(12.5025 0 2.5025)
(15.541 0 2.51143)
(3.3832 0 2.52513)
(5.47762 0 2.49864)
(7.49768 0 2.49677)
(9.49979 0 2.49985)
(13.5063 0 2.50372)
(16.5856 0 2.52015)
(14.5176 0 2.50639)
(4.45257 0 2.50397)
(17.6876 0 2.53206)
(11.5004 0 2.50199)
(10.5 0 2.50102)
(6.49231 0 2.49597)
(8.49935 0 2.49828)
(0 0.868186 1.31611)
(0 0.996806 3.32432)
(0 0.998569 4.2482)
(0 2.64221 4.27669)
(0 4.498 4.17232)
(0 6.52222 4.13072)
(0 8.49655 4.16681)
(0 9.3312 4.32872)
(0 9.10923 1.45992)
(0 9.16428 2.5384)
(0 9.18209 3.49115)
(0 1.61392 0.770479)
(0 2.4851 0.844718)
(0 3.45904 0.857964)
(0 4.46549 0.84391)
(0 5.46734 0.824542)
(0 6.44127 0.791285)
(0 7.33115 0.724242)
(0 8.08655 1.1977)
(0 0.976107 2.33774)
(0 1.90103 3.80166)
(0 3.52005 4.20114)
(0 5.50542 4.15444)
(0 7.53796 4.10524)
(0 2.11688 2.69184)
(0 8.18706 3.14351)
(0 3.9515 3.36233)
(0 6.01261 3.29601)
(0 2.90649 3.43802)
(0 7.05927 3.23684)
(0 1.82976 1.65875)
(0 4.98234 3.33129)
(0 2.86384 1.73394)
(0 3.92231 1.70064)
(0 4.95666 1.6699)
(0 5.97186 1.63129)
(0 6.98228 1.5482)
(0 8.40616 2.12389)
(0 7.51945 2.2979)
(0 3.36348 2.565)
(0 5.47931 2.48317)
(0 6.50689 2.42623)
(0 4.4407 2.5179)
(2.29426 3.59134 1.17243)
(3.76699 5.59411 1.92541)
(2.24902 2.21804 1.10619)
(3.2684 4.68805 4.09935)
(4.95252 1.8524 1.55829)
(6.93949 2.31887 1.1652)
(9.76525 2.44622 2.03396)
(4.7546 2.28799 4.02306)
(5.30405 3.5891 3.8125)
(6.8171 3.79954 3.2895)
(4.67912 5.78859 3.26847)
(14.0769 2.57964 2.0273)
(14.8874 7.80182 3.15901)
(10.1031 7.27718 2.58937)
(8.62693 4.37661 1.36334)
(9.73573 5.8693 0.919866)
(6.73177 8.65346 2.04795)
(5.36353 8.77047 2.04927)
(5.54349 7.29075 0.826586)
(9.23372 8.38209 1.12794)
(11.6068 8.02659 1.18947)
(13.0379 8.89115 1.9748)
(9.47108 8.7712 4.1004)
(3.09744 7.8671 1.13815)
(4.24218 8.98577 3.9768)
(6.88868 8.48885 3.74043)
(7.18653 6.23582 3.88744)
(3.03037 8.13023 3.31448)
(5.33887 5.53675 2.25672)
(5.75221 6.53876 3.17245)
(8.95147 6.07 3.48803)
(11.2205 6.26775 3.81273)
(8.75451 3.75091 3.95212)
(2.6452 6.40191 3.60195)
(7.1979 1.81023 3.87688)
(2.77778 2.43815 3.0959)
(3.50067 4.5557 1.00471)
(2.1034 4.54124 0.867712)
(4.56521 3.54141 1.06907)
(4.3187 2.34855 0.925122)
(4.27277 4.25006 1.9199)
(11.6295 6.82703 1.27503)
(10.6402 4.38442 0.997827)
(13.5178 6.42051 1.96915)
(7.47624 4.65409 1.03953)
(13.2947 4.51013 1.53027)
(11.0299 2.26165 1.90846)
(10.9484 3.46625 2.88506)
(9.24178 1.86812 3.87359)
(6.55523 3.56684 1.06857)
(6.5802 4.43906 2.03845)
(6.66941 5.44241 2.72531)
(5.5429 3.55755 0.804144)
(5.43066 4.39371 1.81066)
(5.65951 2.40426 0.919282)
(5.3843 3.16343 2.08427)
(17.0635 2.24995 1.15744)
(15.6015 1.54207 1.43752)
(12.8159 1.89893 1.19354)
(14.8829 4.45254 1.13384)
(15.3306 1.84179 3.52757)
(17.795 4.47164 2.02222)
(17.2402 5.7984 0.937125)
(17.2285 3.99276 3.10224)
(17.6996 2.39694 3.95146)
(18.478 1.25582 0.96062)
(19.0419 2.49745 1.02955)
(15.8266 6.62963 1.15915)
(17.0849 8.93329 0.918041)
(17.8049 5.78123 4.01512)
(15.3864 8.40969 1.53361)
(15.6872 5.75053 3.88061)
(17.5321 8.381 3.77703)
(18.6769 4.58338 0.930166)
(15.1468 3.61516 3.64982)
(18.9628 8.84868 0.926277)
(13.3521 8.1075 3.23591)
(19.1176 8.96093 2.13294)
(19.2075 9.07207 3.04332)
(19.1404 9.08443 4.00945)
(2.18922 8.9079 1.00845)
(0.965928 8.88076 0.95445)
(3.32667 8.91615 1.05559)
(4.402 9.0354 1.0297)
(5.71019 8.93443 0.909988)
(6.87404 9.10968 1.00607)
(11.801 8.0888 3.8573)
(9.84478 8.98449 1.00587)
(8.78814 9.02317 0.911857)
(10.8833 9.06041 0.920546)
(13.5493 6.86439 3.03537)
(13.7741 9.09617 0.929071)
(12.809 9.1285 0.894907)
(13.016 4.57272 4.07356)
(14.8481 8.98422 0.845345)
(17.9808 9.05672 0.801457)
(17.9153 1.17337 3.92072)
(13.5761 1.80146 3.97597)
(19.0139 1.10352 3.96124)
(18.9864 2.41381 4.07873)
(19.1376 4.67431 4.15277)
(19.1415 6.6974 4.16083)
(1.10314 8.78859 3.38667)
(2.1166 8.88045 4.06692)
(3.08705 8.98726 4.11229)
(5.18027 8.9923 4.18288)
(6.21501 9.0216 3.9737)
(8.48962 9.01481 4.12967)
(10.6753 8.80932 4.1416)
(12.9058 8.87544 4.03516)
(14.9876 9.12524 3.66777)
(16.9623 9.03711 3.95631)
(18.143 8.98958 4.15454)
(2.08839 1.16917 4.11348)
(1.09542 1.14134 3.91471)
(4.21311 1.00188 4.05281)
(3.12179 1.06436 4.06242)
(6.76255 1.04008 4.13532)
(10.8059 2.00053 4.03721)
(5.5395 1.06997 4.06624)
(9.8365 1.00844 4.18832)
(8.86557 1.06119 4.12951)
(10.7955 0.882693 4.12177)
(13.8315 0.90832 4.13231)
(12.6928 1.1727 3.92564)
(14.7924 1.2517 4.08079)
(16.8355 1.11366 4.12966)
(19.1671 0.938549 1.90438)
(19.0079 1.28326 2.93376)
(1.06359 1.23526 0.949857)
(2.13549 1.05658 1.00406)
(3.21925 1.3784 0.976067)
(4.24252 1.10032 1.07244)
(5.3326 0.970657 0.957155)
(6.62822 1.10838 0.964377)
(9.06742 1.0261 1.0157)
(10.3115 1.26183 0.959205)
(12.837 0.887814 0.966417)
(14.9988 0.856765 0.984671)
(17.0266 1.19083 0.791989)
(0.945691 2.62694 0.929777)
(0.844359 4.81154 0.874403)
(0.991276 6.74308 0.932981)
(1.09101 2.38051 4.19522)
(0.918625 4.62483 3.83297)
(1.01546 6.75619 4.1819)
(19.1309 3.63206 4.01702)
(18.033 3.42555 4.23504)
(19.2237 3.78825 2.90345)
(19.0405 5.7231 4.07247)
(19.1756 5.85906 2.47527)
(19.1459 7.85404 4.1943)
(18.0982 7.83622 4.13319)
(18.9168 7.98429 2.97744)
(19.2377 5.45023 1.11148)
(18.5522 5.88556 0.764879)
(17.9626 8.70381 1.92101)
(19.2029 7.89419 1.74743)
(19.0971 3.54171 1.02757)
(18.0807 3.6231 0.954034)
(19.333 3.30738 2.08411)
(18.0855 8.92385 3.0398)
(17.9685 0.832195 2.95842)
(19.1518 2.7589 2.95628)
(18.1117 7.71837 0.703063)
(17.9286 2.14681 2.64193)
(18.9776 2.10546 2.02758)
(18.2269 3.28218 3.18065)
(18.7108 4.81268 3.03655)
(19.0553 4.53918 2.05996)
(18.1211 6.28465 2.86682)
(18.9757 6.9237 3.25505)
(19.1356 6.65239 1.66486)
(17.8805 7.55451 3.15462)
(18.1949 5.67947 1.81451)
(18.4151 3.48985 2.06685)
(4.41529 7.80944 0.957974)
(3.91208 9.15264 2.02187)
(1.07514 5.71374 0.919006)
(2.40009 5.63828 1.05818)
(1.22942 5.89004 2.00044)
(0.883465 7.66483 0.980342)
(1.95296 7.7126 1.1269)
(1.06738 7.90393 2.34189)
(1.05945 3.83764 0.856132)
(1.028 2.27599 1.95918)
(1.13034 1.14627 1.97727)
(7.72171 8.62137 0.932022)
(6.61949 7.75557 1.06085)
(8.6112 7.89515 1.05706)
(8.86681 8.94266 1.96276)
(11.8597 9.08949 0.851896)
(10.6104 7.88013 1.0554)
(10.7783 8.81804 2.02639)
(12.7957 7.94147 1.1487)
(12.6749 6.74904 1.00421)
(15.9253 9.09862 0.951056)
(14.8152 7.85135 0.879384)
(14.7863 8.90048 1.9988)
(17.1493 7.78228 0.900821)
(16.8204 8.9526 1.9701)
(2.58184 8.62676 2.15614)
(1.23369 4.66893 2.02135)
(7.77089 7.19798 0.930562)
(6.6333 6.65537 0.906056)
(6.73403 6.86339 2.15058)
(4.37394 6.61628 1.02196)
(5.50663 7.09988 1.95656)
(7.45267 5.93425 0.778298)
(8.6654 5.48653 0.830713)
(7.63527 5.92334 1.91811)
(2.32829 1.40547 2.15356)
(3.43966 3.11662 1.05811)
(3.64619 5.74753 0.761392)
(3.21873 3.94023 2.47709)
(3.20935 6.79572 1.02681)
(2.08207 6.55301 0.880958)
(4.04325 7.99863 2.09138)
(18.1135 6.59635 0.832086)
(18.1901 7.3655 1.7074)
(7.77094 7.53253 1.99531)
(9.74208 7.73732 0.855041)
(8.87763 6.7641 1.16894)
(8.65876 7.82375 2.0301)
(10.3388 6.77656 0.824441)
(9.6186 7.89112 1.97798)
(10.8702 7.28421 2.1278)
(13.8975 8.08939 1.11539)
(12.4815 7.53342 2.44855)
(13.9218 6.89525 1.05017)
(13.8001 7.83541 2.21282)
(15.9558 7.88271 1.06308)
(15.0369 6.83218 0.712507)
(14.7882 7.81902 1.86177)
(15.8975 7.89176 2.27373)
(17.0054 6.80047 0.754233)
(16.9757 7.98796 1.77237)
(4.75339 1.02271 2.0842)
(7.88327 1.02881 0.956911)
(6.01015 1.26984 1.99718)
(8.31738 2.22123 0.998866)
(7.56778 1.32499 2.15011)
(8.89295 1.11106 2.0811)
(9.48308 2.42145 0.842628)
(10.3978 1.06749 2.07956)
(10.6628 2.85699 0.840717)
(11.525 1.03086 0.980124)
(11.597 2.19214 0.883226)
(11.7879 1.15983 2.03327)
(13.919 0.990122 0.902713)
(12.7987 1.13319 2.11591)
(13.8271 2.18559 0.888166)
(13.6548 1.16037 1.9014)
(14.9524 2.04914 0.941114)
(15.938 0.989712 0.803901)
(14.7262 1.28462 1.97832)
(16.1024 2.09805 0.840114)
(15.7609 0.924412 2.10144)
(16.6391 1.25073 1.83509)
(18.0162 2.52201 1.08448)
(17.9086 1.10083 1.93004)
(7.72817 3.41216 0.898233)
(8.75533 3.36197 0.748186)
(7.51487 3.22172 2.08204)
(2.51379 4.85744 2.03887)
(2.25758 6.70996 2.10227)
(3.87389 2.27788 2.2048)
(2.31101 2.73852 2.13951)
(8.77767 6.70722 2.41132)
(7.97998 6.83231 3.2211)
(8.99191 5.5712 2.00173)
(17.1662 4.76084 1.02362)
(17.0614 3.62139 0.804192)
(16.1047 3.35854 1.03126)
(17.1824 3.33907 1.94939)
(9.83493 6.72141 1.93387)
(14.8203 5.90843 0.82552)
(14.8912 6.86245 1.94221)
(14.9635 6.35671 3.14838)
(16.9522 6.72423 1.80938)
(10.7872 5.53717 0.803346)
(10.4491 6.61969 3.25309)
(9.71174 3.49648 0.868856)
(9.69581 4.75578 1.01566)
(9.53102 3.76099 1.97651)
(9.86658 3.81021 3.05425)
(13.7968 5.50705 1.11043)
(11.4561 3.58646 1.01548)
(10.4753 3.69694 1.83569)
(14.1347 3.23218 0.836182)
(12.9152 3.25996 1.07121)
(12.6146 4.60346 0.92393)
(12.883 3.99181 2.23371)
(12.4086 3.66622 3.18908)
(15.1316 3.12472 1.11513)
(14.761 3.55391 2.37227)
(14.8981 2.47974 2.93982)
(11.8311 5.7099 1.01097)
(10.5469 5.7332 1.93657)
(12.9842 5.92721 0.790584)
(12.5975 5.68867 1.86272)
(15.9897 5.65169 0.947832)
(14.825 5.64848 1.86686)
(15.9704 4.49622 0.829294)
(16.0181 5.71701 2.24952)
(16.2178 4.45092 1.94702)
(13.7803 4.4671 0.826608)
(13.9229 4.84501 2.14832)
(11.6236 4.62331 0.717005)
(11.4707 4.69216 2.01612)
(7.5258 9.09047 3.97741)
(11.8871 9.066 4.1493)
(13.953 8.86886 3.99787)
(15.9515 8.82847 4.0814)
(2.45269 9.13218 3.20441)
(1.19154 9.09312 1.98805)
(8.65126 9.20656 3.00088)
(7.38261 9.15013 3.00646)
(7.87833 8.8878 2.04209)
(9.78291 9.01504 2.23317)
(11.9246 8.92133 1.92743)
(13.8399 9.16204 1.99052)
(15.9288 9.12474 1.96702)
(13.8413 9.02555 2.92111)
(12.8107 9.14396 2.8499)
(5.39037 9.17262 3.14673)
(4.37261 9.06689 2.9246)
(17.1084 9.18099 2.8676)
(16.1067 8.90935 2.97918)
(3.49987 8.98299 3.18826)
(9.75077 9.09736 3.12405)
(11.8814 8.94808 3.0389)
(10.8314 9.01543 3.07714)
(6.32041 9.03147 2.94997)
(1.02554 3.60706 4.01885)
(2.48953 2.57366 4.07777)
(1.29612 2.29247 3.11073)
(0.914149 5.73493 4.09869)
(2.02474 4.79571 4.11284)
(1.22921 7.72767 3.89342)
(2.1582 6.89162 4.2019)
(1.32028 6.57156 3.164)
(2.51209 7.81509 4.2375)
(4.37013 7.82678 4.26912)
(5.5955 7.87758 4.26606)
(6.67587 7.91334 4.23627)
(7.75103 7.99361 4.19367)
(9.75109 7.66233 4.07868)
(10.8661 7.62122 4.12042)
(12.8746 7.63036 4.05067)
(14.6073 7.90381 4.25809)
(15.8499 7.75568 4.27068)
(1.06977 0.999852 2.89452)
(15.8003 1.08746 4.05127)
(14.519 2.44918 4.0634)
(14.9339 1.11249 3.03143)
(7.95532 1.24537 4.06387)
(6.70042 2.44133 4.08037)
(6.46485 1.39961 3.18036)
(11.7114 1.00133 4.06036)
(12.8628 2.57191 4.05612)
(12.6885 0.924983 2.96134)
(5.76019 2.35718 4.21976)
(5.35342 0.930027 3.03021)
(10.9558 1.09821 3.02467)
(9.79452 2.49864 4.27087)
(9.80419 1.2771 3.15353)
(16.7976 2.43278 4.19346)
(16.8365 1.23127 3.05928)
(2.21387 1.07598 3.13993)
(16.8589 7.92038 4.03569)
(18.0521 6.69506 4.07329)
(17.0281 3.67062 4.19975)
(17.9201 4.56715 4.0597)
(8.65373 2.47814 4.14434)
(7.63929 2.66205 4.25334)
(8.61332 1.94813 3.01143)
(16.9058 6.77387 3.88545)
(17.0026 8.01448 2.80126)
(11.8771 2.67161 4.1982)
(10.6888 3.11211 4.04607)
(10.5807 2.21098 2.93596)
(2.02138 3.55666 4.2123)
(1.9478 5.89527 4.13984)
(2.26285 4.27427 3.27917)
(3.27392 5.73398 4.16193)
(2.20793 5.52535 3.13064)
(3.44283 8.08973 4.22742)
(2.17171 7.66391 3.19627)
(4.98999 6.8065 4.06413)
(4.04747 7.84113 3.33141)
(5.05298 8.04175 3.274)
(6.45245 6.88289 4.16046)
(6.147 7.91034 3.12717)
(7.50169 6.87487 4.23436)
(7.28859 7.88764 3.14948)
(8.4962 6.86608 4.18315)
(8.67428 8.10119 3.14124)
(9.62787 6.84052 4.24233)
(10.3334 8.00466 3.10454)
(10.6011 6.75982 4.28094)
(11.6888 7.03265 4.27296)
(11.3997 8.09138 2.62708)
(13.848 6.89324 4.05594)
(15.6609 6.86448 4.03249)
(16.0901 7.72465 3.35207)
(15.7946 2.42505 3.98008)
(16.8111 2.63108 2.91978)
(7.5864 3.85622 4.14584)
(7.67652 2.6079 3.22725)
(11.5316 3.71721 4.08903)
(11.7806 2.2149 3.05414)
(13.69 2.57542 4.3253)
(13.7517 3.69612 4.32724)
(13.854 2.44663 3.31244)
(3.40024 3.62486 3.9844)
(4.26484 3.37408 4.30024)
(3.68265 2.24024 3.92619)
(5.47574 2.25037 3.04173)
(16.8179 5.13703 4.10694)
(17.2213 6.89367 2.7876)
(6.37526 3.48814 4.17902)
(6.38989 2.90887 2.68268)
(17.1131 5.4972 2.78215)
(9.85377 3.72214 4.18112)
(8.74161 5.38724 4.17745)
(8.82015 3.19929 2.96292)
(14.7552 6.66473 4.22519)
(16.076 6.79722 2.80929)
(16.0448 4.54343 3.65092)
(16.1082 3.45492 4.04746)
(15.8582 3.45917 2.60503)
(3.53972 6.95541 3.94745)
(3.30905 7.07911 2.49873)
(9.68077 4.84738 4.02473)
(10.809 4.49807 3.98829)
(4.54135 4.39217 4.18679)
(4.2496 3.29032 3.19214)
(14.8731 4.54559 4.1467)
(14.4799 5.69378 4.07982)
(5.55634 4.70317 4.11383)
(4.57583 5.59636 4.25305)
(4.43346 4.63241 3.12946)
(12.6044 3.5831 4.23743)
(5.58763 5.89226 4.16312)
(7.76733 5.7807 4.19425)
(9.90201 5.98354 4.10346)
(9.39992 6.99114 3.16752)
(12.687 6.57536 4.05228)
(11.8994 5.8497 4.14389)
(11.6461 6.93108 3.23366)
(13.4459 5.77663 4.02609)
(10.4388 4.65525 2.89072)
(7.855 4.78308 4.19419)
(9.06702 4.64878 2.88738)
(13.991 4.77713 4.07867)
(14.9097 4.80621 2.9666)
(6.86643 4.72821 3.98104)
(7.88516 4.37709 2.8202)
(13.5283 4.7239 3.19875)
(10.848 5.66248 4.27552)
(9.77959 5.75764 2.87581)
(6.50831 5.65227 4.00157)
(7.79975 5.60191 3.17421)
(10.8211 5.39549 3.33277)
(12.7068 5.41359 4.2293)
(11.8995 4.78136 4.03276)
(11.5136 5.81933 2.73661)
(12.7028 5.49397 3.08972)
(14.0495 5.76599 3.01783)
(11.5225 4.51194 3.16277)
(7.50856 0.92001 3.15409)
(11.8028 0.817802 3.04252)
(13.8603 1.26136 3.03461)
(15.8207 0.754412 2.99985)
(3.5384 0.848195 2.0065)
(4.32477 1.20092 2.98433)
(3.33511 0.991388 2.97098)
(8.58615 0.824301 3.10116)
(1.04611 3.32751 1.84634)
(0.88033 6.94636 2.00347)
(1.53021 3.54523 2.80909)
(1.05026 5.43221 3.08252)
(3.30242 5.60541 2.95273)
(12.2017 2.51703 1.95551)
(11.7428 3.51343 2.05848)
(8.67055 3.1194 1.8366)
(9.92461 4.7265 2.0868)
(9.68846 2.69863 3.33944)
(5.78085 4.78241 3.06482)
(4.47837 6.70342 2.60769)
(6.88358 6.58093 3.19949)
(15.7154 2.34581 1.9221)
(13.9707 3.76047 1.72349)
(13.907 3.56649 3.28595)
(15.8353 1.81877 2.86075)
(13.0729 2.28826 2.71412)
)


// ************************************************************************* //
