/*--------------------------------*- C++ -*----------------------------------*\
  =========                 |
  \\      /  F ield         | OpenFOAM: The Open Source CFD Toolbox
   \\    /   O peration     | Website:  https://openfoam.org
    \\  /    A nd           | Version:  7
     \\/     M anipulation  |
\*---------------------------------------------------------------------------*/
FoamFile
{
    version     2.0;
    format      ascii;
    class       vectorField;
    location    "constant/polyMesh";
    object      points;
}
// * * * * * * * * * * * * * * * * * * * * * * * * * * * * * * * * * * * * * //


72
(
(0 0 0)
(0.004 0 0)
(0.008 0 0)
(0.012 0 0)
(0.016 0 0)
(0.02 0 0)
(0 0.004 0)
(0.004 0.004 0)
(0.008 0.004 0)
(0.012 0.004 0)
(0.016 0.004 0)
(0.02 0.004 0)
(0 0.008 0)
(0.004 0.008 0)
(0.008 0.008 0)
(0.012 0.008 0)
(0.016 0.008 0)
(0.02 0.008 0)
(0 0.012 0)
(0.004 0.012 0)
(0.008 0.012 0)
(0.012 0.012 0)
(0.016 0.012 0)
(0.02 0.012 0)
(0 0.016 0)
(0.004 0.016 0)
(0.008 0.016 0)
(0.012 0.016 0)
(0.016 0.016 0)
(0.02 0.016 0)
(0 0.02 0)
(0.004 0.02 0)
(0.008 0.02 0)
(0.012 0.02 0)
(0.016 0.02 0)
(0.02 0.02 0)
(0 0 0.005)
(0.004 0 0.005)
(0.008 0 0.005)
(0.012 0 0.005)
(0.016 0 0.005)
(0.02 0 0.005)
(0 0.004 0.005)
(0.004 0.004 0.005)
(0.008 0.004 0.005)
(0.012 0.004 0.005)
(0.016 0.004 0.005)
(0.02 0.004 0.005)
(0 0.008 0.005)
(0.004 0.008 0.005)
(0.008 0.008 0.005)
(0.012 0.008 0.005)
(0.016 0.008 0.005)
(0.02 0.008 0.005)
(0 0.012 0.005)
(0.004 0.012 0.005)
(0.008 0.012 0.005)
(0.012 0.012 0.005)
(0.016 0.012 0.005)
(0.02 0.012 0.005)
(0 0.016 0.005)
(0.004 0.016 0.005)
(0.008 0.016 0.005)
(0.012 0.016 0.005)
(0.016 0.016 0.005)
(0.02 0.016 0.005)
(0 0.02 0.005)
(0.004 0.02 0.005)
(0.008 0.02 0.005)
(0.012 0.02 0.005)
(0.016 0.02 0.005)
(0.02 0.02 0.005)
)


// ************************************************************************* //
